	Chromosome	Start	End	Length
0	18	3002218	3002318	100
1	18	3002418	3002518	100
2	18	3003918	3004018	100
3	18	3004818	3004918	100
4	18	3005018	3005318	300
5	18	3005418	3006018	600
6	18	3006118	3006318	200
7	18	3008018	3008118	100
8	18	3009018	3009218	200
9	18	3009818	3010518	700
10	18	3010618	3010818	200
11	18	3010918	3011018	100
12	18	3011118	3011218	100
13	18	3012418	3012518	100
14	18	3012618	3013018	400
15	18	3013218	3013318	100
16	18	3013618	3013718	100
17	18	3014618	3014818	200
18	18	3014918	3015018	100
19	18	3015518	3015618	100
20	18	3015918	3016018	100
21	18	3016118	3016218	100
22	18	3016418	3016618	200
23	18	3018018	3018118	100
24	18	3020618	3020818	200
25	18	3038418	3038518	100
26	18	3039418	3039618	200
27	18	3039718	3040018	300
28	18	3040518	3040618	100
29	18	3041218	3041318	100
30	18	3041418	3041518	100
31	18	3041618	3041718	100
32	18	3046218	3046318	100
33	18	3047418	3047518	100
34	18	3051818	3051918	100
35	18	3052618	3052718	100
36	18	3063818	3063918	100
37	18	3071718	3071818	100
38	18	3080418	3080518	100
39	18	3080618	3080718	100
40	18	3101818	3101918	100
41	18	3113418	3113918	500
42	18	3114418	3114818	400
43	18	3115118	3115318	200
44	18	3115418	3115518	100
45	18	3115618	3115818	200
46	18	3116118	3116218	100
47	18	3116818	3116918	100
48	18	3117018	3117118	100
49	18	3117318	3117418	100
50	18	3117818	3118818	1000
51	18	3118918	3119118	200
52	18	3119218	3119518	300
53	18	3120118	3120618	500
54	18	3131918	3132018	100
55	18	3146718	3147018	300
56	18	3150518	3150618	100
57	18	3155318	3155518	200
58	18	3158318	3158418	100
59	18	3167018	3167118	100
60	18	3168618	3168918	300
61	18	3169118	3169218	100
62	18	3171818	3172018	200
63	18	3172318	3172618	300
64	18	3176518	3176718	200
65	18	3178018	3178118	100
66	18	3179618	3179718	100
67	18	3200818	3200918	100
68	18	3201318	3201418	100
69	18	3201618	3201718	100
70	18	3201818	3201918	100
71	18	3202318	3202618	300
72	18	3207918	3208018	100
73	18	3209818	3209918	100
74	18	3213418	3213518	100
75	18	3220218	3220318	100
76	18	3220518	3220818	300
77	18	3222018	3222218	200
78	18	3222318	3222618	300
79	18	3225018	3225218	200
80	18	3225518	3225618	100
81	18	3226218	3226318	100
82	18	3226418	3226618	200
83	18	3227418	3227718	300
84	18	3236918	3237018	100
85	18	3237118	3237218	100
86	18	3238318	3238418	100
87	18	3241118	3241218	100
88	18	3242218	3242418	200
89	18	3243118	3243218	100
90	18	3245018	3245118	100
91	18	3246718	3246818	100
92	18	3247018	3247118	100
93	18	3248118	3248218	100
94	18	3249618	3249718	100
95	18	3250518	3250618	100
96	18	3251118	3251318	200
97	18	3251518	3251618	100
98	18	3252618	3252718	100
99	18	3252818	3252918	100
100	18	3253118	3253318	200
101	18	3255218	3255318	100
102	18	3256218	3256318	100
103	18	3256518	3256618	100
104	18	3257718	3258018	300
105	18	3258618	3258818	200
106	18	3260118	3260218	100
107	18	3260418	3260518	100
108	18	3262318	3262418	100
109	18	3262718	3262818	100
110	18	3263518	3263618	100
111	18	3266718	3266818	100
112	18	3267618	3267918	300
113	18	3268318	3268418	100
114	18	3268918	3269018	100
115	18	3269318	3269418	100
116	18	3269518	3269618	100
117	18	3270118	3270318	200
118	18	3270518	3270618	100
119	18	3270718	3270818	100
120	18	3272118	3272218	100
121	18	3273418	3273518	100
122	18	3274618	3274718	100
123	18	3274818	3274918	100
124	18	3275418	3275518	100
125	18	3276618	3276718	100
126	18	3277318	3277418	100
127	18	3277518	3277618	100
128	18	3277818	3277918	100
129	18	3280718	3281118	400
130	18	3281218	3281318	100
131	18	3281418	3281518	100
132	18	3281818	3281918	100
133	18	3283818	3283918	100
134	18	3284418	3284518	100
135	18	3284618	3284718	100
136	18	3284818	3284918	100
137	18	3285318	3285418	100
138	18	3289918	3290018	100
139	18	3290318	3290418	100
140	18	3291818	3291918	100
141	18	3293218	3293318	100
142	18	3293418	3293518	100
143	18	3293618	3293818	200
144	18	3296418	3296518	100
145	18	3297218	3297418	200
146	18	3300718	3300818	100
147	18	3303018	3303118	100
148	18	3305118	3305218	100
149	18	3305618	3305718	100
150	18	3306518	3306618	100
151	18	3309818	3310018	200
152	18	3311518	3311618	100
153	18	3312018	3312118	100
154	18	3312618	3312718	100
155	18	3313318	3313518	200
156	18	3315218	3315318	100
157	18	3316818	3316918	100
158	18	3317318	3317518	200
159	18	3318218	3318318	100
160	18	3319318	3319618	300
161	18	3320618	3320718	100
162	18	3320818	3320918	100
163	18	3321318	3321418	100
164	18	3321618	3321718	100
165	18	3321818	3321918	100
166	18	3323018	3323218	200
167	18	3324018	3324118	100
168	18	3326518	3326618	100
169	18	3328218	3328318	100
170	18	3328718	3328818	100
171	18	3329218	3329318	100
172	18	3331418	3331618	200
173	18	3331718	3331818	100
174	18	3333918	3334018	100
175	18	3334418	3334518	100
176	18	3335918	3336018	100
177	18	3336618	3337918	1300
178	18	3338018	3338118	100
179	18	3341018	3341118	100
180	18	3344118	3344218	100
181	18	3345218	3345318	100
182	18	3345518	3345618	100
183	18	3345718	3345818	100
184	18	3346518	3346818	300
185	18	3346918	3347018	100
186	18	3347318	3347418	100
187	18	3352018	3352418	400
188	18	3354318	3354418	100
189	18	3355918	3356018	100
190	18	3356818	3356918	100
191	18	3357218	3357518	300
192	18	3359418	3359618	200
193	18	3359818	3359918	100
194	18	3360018	3360418	400
195	18	3360918	3361118	200
196	18	3365718	3365818	100
197	18	3366018	3366118	100
198	18	3366318	3366418	100
199	18	3366718	3366818	100
200	18	3367518	3367718	200
201	18	3368018	3368218	200
202	18	3368318	3368518	200
203	18	3368618	3368718	100
204	18	3369018	3369118	100
205	18	3373018	3373118	100
206	18	3373218	3373318	100
207	18	3374018	3374118	100
208	18	3374718	3374918	200
209	18	3376418	3376518	100
210	18	3376618	3376818	200
211	18	3379218	3379318	100
212	18	3381418	3381518	100
213	18	3382518	3382818	300
214	18	3382918	3383318	400
215	18	3383418	3383518	100
216	18	3383618	3383918	300
217	18	3385118	3385318	200
218	18	3386218	3386418	200
219	18	3386518	3386618	100
220	18	3386718	3386818	100
221	18	3387418	3387518	100
222	18	3387918	3388018	100
223	18	3388218	3388318	100
224	18	3391218	3391318	100
225	18	3391718	3391818	100
226	18	3392118	3392218	100
227	18	3392718	3392818	100
228	18	3393318	3393418	100
229	18	3395118	3395418	300
230	18	3396118	3396218	100
231	18	3396618	3396718	100
232	18	3397618	3397718	100
233	18	3398118	3398218	100
234	18	3399618	3399718	100
235	18	3400118	3400218	100
236	18	3400318	3400418	100
237	18	3400918	3401018	100
238	18	3401618	3401718	100
239	18	3403018	3403118	100
240	18	3406018	3406118	100
241	18	3411918	3412018	100
242	18	3412918	3413018	100
243	18	3413218	3413318	100
244	18	3413418	3413518	100
245	18	3413618	3413718	100
246	18	3414118	3414218	100
247	18	3414918	3415118	200
248	18	3415518	3415718	200
249	18	3416818	3416918	100
250	18	3417118	3417218	100
251	18	3420218	3420318	100
252	18	3421118	3421218	100
253	18	3421318	3421418	100
254	18	3423918	3424018	100
255	18	3425118	3425218	100
256	18	3425418	3425518	100
257	18	3425918	3426018	100
258	18	3426818	3426918	100
259	18	3428218	3428418	200
260	18	3428918	3429018	100
261	18	3429118	3429418	300
262	18	3430618	3430718	100
263	18	3432118	3432218	100
264	18	3433118	3433218	100
265	18	3433618	3433718	100
266	18	3433818	3433918	100
267	18	3434018	3434218	200
268	18	3434818	3434918	100
269	18	3435018	3435118	100
270	18	3435818	3435918	100
271	18	3436518	3436618	100
272	18	3437618	3437818	200
273	18	3438418	3438618	200
274	18	3439218	3439318	100
275	18	3440118	3440318	200
276	18	3441018	3441218	200
277	18	3441318	3441418	100
278	18	3441618	3441718	100
279	18	3441818	3442018	200
280	18	3442818	3443018	200
281	18	3444518	3444618	100
282	18	3444718	3445118	400
283	18	3445418	3445918	500
284	18	3446718	3446918	200
285	18	3447218	3447318	100
286	18	3449518	3449918	400
287	18	3454118	3454218	100
288	18	3454618	3454718	100
289	18	3455318	3455418	100
290	18	3461718	3461818	100
291	18	3462318	3462418	100
292	18	3462818	3462918	100
293	18	3463718	3463918	200
294	18	3464318	3464618	300
295	18	3464918	3465018	100
296	18	3465318	3465418	100
297	18	3465918	3466018	100
298	18	3466318	3466518	200
299	18	3466718	3466818	100
300	18	3466918	3467018	100
301	18	3467318	3467418	100
302	18	3467618	3467718	100
303	18	3470218	3470318	100
304	18	3470418	3470518	100
305	18	3470718	3470918	200
306	18	3472118	3472218	100
307	18	3472618	3472718	100
308	18	3477818	3477918	100
309	18	3479518	3479618	100
310	18	3479918	3480018	100
311	18	3480118	3480218	100
312	18	3480518	3480618	100
313	18	3480818	3481018	200
314	18	3481218	3481318	100
315	18	3481418	3481518	100
316	18	3482518	3482718	200
317	18	3484118	3484318	200
318	18	3485018	3485118	100
319	18	3486018	3486118	100
320	18	3486818	3486918	100
321	18	3487118	3487318	200
322	18	3489618	3489718	100
323	18	3490218	3490418	200
324	18	3490518	3490618	100
325	18	3490818	3491118	300
326	18	3491218	3491318	100
327	18	3492118	3492218	100
328	18	3492618	3492718	100
329	18	3493318	3493418	100
330	18	3495318	3495418	100
331	18	3495518	3495718	200
332	18	3496718	3497018	300
333	18	3497518	3497618	100
334	18	3498618	3498818	200
335	18	3498918	3499318	400
336	18	3504818	3504918	100
337	18	3505918	3506018	100
338	18	3506218	3506318	100
339	18	3506518	3506618	100
340	18	3506818	3507518	700
341	18	3507618	3508918	1300
342	18	3509018	3509218	200
343	18	3509318	3509418	100
344	18	3509718	3509818	100
345	18	3509918	3510018	100
346	18	3510218	3510318	100
347	18	3511218	3511318	100
348	18	3511618	3511818	200
349	18	3512118	3512318	200
350	18	3514118	3514418	300
351	18	3515118	3515218	100
352	18	3518618	3518718	100
353	18	3519918	3520018	100
354	18	3520718	3520818	100
355	18	3521418	3521518	100
356	18	3522718	3522818	100
357	18	3524318	3524418	100
358	18	3525418	3525518	100
359	18	3529418	3529518	100
360	18	3530818	3530918	100
361	18	3531518	3531618	100
362	18	3531918	3532018	100
363	18	3533618	3533818	200
364	18	3534418	3534518	100
365	18	3538418	3538518	100
366	18	3540418	3540618	200
367	18	3540818	3540918	100
368	18	3541818	3542018	200
369	18	3542218	3542818	600
370	18	3543118	3543218	100
371	18	3543918	3544018	100
372	18	3544218	3544318	100
373	18	3548218	3548318	100
374	18	3548418	3548518	100
375	18	3550418	3550518	100
376	18	3551018	3551118	100
377	18	3551218	3551318	100
378	18	3552118	3552218	100
379	18	3552618	3552818	200
380	18	3558618	3558718	100
381	18	3558818	3558918	100
382	18	3559318	3559518	200
383	18	3560418	3560518	100
384	18	3560618	3560718	100
385	18	3561918	3562118	200
386	18	3562218	3562418	200
387	18	3563018	3563118	100
388	18	3563518	3563618	100
389	18	3566318	3566518	200
390	18	3567118	3567318	200
391	18	3567418	3567618	200
392	18	3571218	3571318	100
393	18	3572118	3572218	100
394	18	3573818	3573918	100
395	18	3574618	3574718	100
396	18	3575518	3575618	100
397	18	3579318	3579518	200
398	18	3579718	3579818	100
399	18	3582918	3583018	100
400	18	3586318	3586418	100
401	18	3586718	3586818	100
402	18	3591118	3591418	300
403	18	3593218	3593318	100
404	18	3594018	3594118	100
405	18	3597118	3597218	100
406	18	3600918	3601018	100
407	18	3602518	3602718	200
408	18	3603518	3603618	100
409	18	3616418	3616818	400
410	18	3617018	3617118	100
411	18	3619118	3619218	100
412	18	3629918	3630018	100
413	18	3630918	3631018	100
414	18	3631118	3631218	100
415	18	3632718	3632818	100
416	18	3633018	3633218	200
417	18	3633518	3633618	100
418	18	3635918	3636118	200
419	18	3637618	3637718	100
420	18	3638318	3638418	100
421	18	3638618	3638818	200
422	18	3647218	3647318	100
423	18	3650218	3650318	100
424	18	3652718	3652818	100
425	18	3653218	3653318	100
426	18	3653418	3653518	100
427	18	3653618	3653718	100
428	18	3654618	3654718	100
429	18	3654818	3655018	200
430	18	3655118	3655218	100
431	18	3655418	3655518	100
432	18	3657218	3657318	100
433	18	3657518	3657618	100
434	18	3658118	3658218	100
435	18	3658318	3658418	100
436	18	3665018	3665218	200
437	18	3666118	3666218	100
438	18	3666518	3666618	100
439	18	3666718	3666818	100
440	18	3666918	3667018	100
441	18	3667218	3667318	100
442	18	3667518	3667718	200
443	18	3667818	3667918	100
444	18	3668718	3668818	100
445	18	3668918	3669018	100
446	18	3669618	3669718	100
447	18	3670018	3670118	100
448	18	3671018	3671118	100
449	18	3671518	3671618	100
450	18	3676218	3676318	100
451	18	3677918	3678018	100
452	18	3679318	3679418	100
453	18	3679618	3679718	100
454	18	3680918	3681018	100
455	18	3684418	3684518	100
456	18	3684618	3684718	100
457	18	3685318	3685418	100
458	18	3686718	3686818	100
459	18	3689118	3689218	100
460	18	3690518	3690718	200
461	18	3694918	3695118	200
462	18	3698718	3698818	100
463	18	3698918	3699018	100
464	18	3701418	3701518	100
465	18	3704018	3704118	100
466	18	3705118	3705218	100
467	18	3705318	3705418	100
468	18	3711918	3712018	100
469	18	3714118	3714218	100
470	18	3718818	3719118	300
471	18	3724618	3724718	100
472	18	3725918	3726018	100
473	18	3728818	3728918	100
474	18	3729918	3730018	100
475	18	3730518	3730618	100
476	18	3731318	3731418	100
477	18	3731618	3731818	200
478	18	3741418	3741518	100
479	18	3746618	3746818	200
480	18	3746918	3747018	100
481	18	3750318	3750418	100
482	18	3756418	3756618	200
483	18	3760018	3760118	100
484	18	3760518	3760618	100
485	18	3760918	3761418	500
486	18	3763118	3763318	200
487	18	3763418	3763518	100
488	18	3763718	3763918	200
489	18	3764718	3764818	100
490	18	3765018	3765318	300
491	18	3765418	3765618	200
492	18	3767118	3767218	100
493	18	3767318	3767418	100
494	18	3768618	3768718	100
495	18	3769718	3769918	200
496	18	3774018	3774118	100
497	18	3774418	3774518	100
498	18	3774618	3774918	300
499	18	3776418	3776518	100
500	18	3777418	3777518	100
501	18	3778718	3778818	100
502	18	3785518	3785818	300
503	18	3789218	3789318	100
504	18	3789418	3789518	100
505	18	3792118	3792218	100
506	18	3794718	3794918	200
507	18	3795218	3795318	100
508	18	3795518	3795618	100
509	18	3796118	3796218	100
510	18	3796718	3796818	100
511	18	3802718	3802818	100
512	18	3803018	3803118	100
513	18	3803618	3803818	200
514	18	3803918	3804118	200
515	18	3807218	3807318	100
516	18	3808118	3808218	100
517	18	3808318	3808518	200
518	18	3809918	3810018	100
519	18	3811118	3811218	100
520	18	3811318	3811418	100
521	18	3812018	3812118	100
522	18	3814418	3814518	100
523	18	3814718	3814818	100
524	18	3820118	3820218	100
525	18	3821518	3821718	200
526	18	3821818	3821918	100
527	18	3822118	3822518	400
528	18	3822918	3823018	100
529	18	3827618	3827818	200
530	18	3828518	3828618	100
531	18	3830518	3830618	100
532	18	3830818	3830918	100
533	18	3832318	3832418	100
534	18	3835018	3835118	100
535	18	3835818	3836018	200
536	18	3836318	3836418	100
537	18	3836718	3836818	100
538	18	3837118	3837218	100
539	18	3837318	3837518	200
540	18	3837818	3837918	100
541	18	3838218	3838318	100
542	18	3839418	3839718	300
543	18	3839818	3840018	200
544	18	3840718	3840918	200
545	18	3841218	3841318	100
546	18	3841718	3841818	100
547	18	3842418	3842518	100
548	18	3844618	3844718	100
549	18	3844918	3845018	100
550	18	3846718	3846918	200
551	18	3847018	3847118	100
552	18	3847618	3847918	300
553	18	3851118	3851218	100
554	18	3854018	3854118	100
555	18	3854318	3854418	100
556	18	3854918	3855018	100
557	18	3855818	3855918	100
558	18	3857018	3857118	100
559	18	3858118	3858518	400
560	18	3861218	3861318	100
561	18	3862318	3862418	100
562	18	3863618	3863718	100
563	18	3864018	3864318	300
564	18	3864418	3864518	100
565	18	3865018	3865118	100
566	18	3865718	3865818	100
567	18	3867518	3867718	200
568	18	3868418	3868518	100
569	18	3868718	3868818	100
570	18	3869818	3869918	100
571	18	3870218	3870318	100
572	18	3870518	3870618	100
573	18	3875718	3875818	100
574	18	3878818	3879118	300
575	18	3884318	3884418	100
576	18	3885718	3885818	100
577	18	3886318	3886418	100
578	18	3886918	3887018	100
579	18	3890818	3890918	100
580	18	3891118	3891218	100
581	18	3892118	3892218	100
582	18	3892418	3892518	100
583	18	3896718	3896818	100
584	18	3896918	3897118	200
585	18	3897718	3897818	100
586	18	3897918	3898018	100
587	18	3899118	3899218	100
588	18	3899718	3899818	100
589	18	3900118	3900518	400
590	18	3901918	3902018	100
591	18	3903018	3903118	100
592	18	3903218	3903318	100
593	18	3903418	3903518	100
594	18	3903818	3903918	100
595	18	3904918	3905018	100
596	18	3905118	3905218	100
597	18	3905318	3905418	100
598	18	3905518	3905618	100
599	18	3905718	3905918	200
600	18	3910918	3911018	100
601	18	3912418	3912518	100
602	18	3913818	3913918	100
603	18	3914018	3914118	100
604	18	3914618	3914718	100
605	18	3915618	3915718	100
606	18	3915818	3915918	100
607	18	3916118	3916218	100
608	18	3918018	3918118	100
609	18	3918918	3919118	200
610	18	3921918	3922018	100
611	18	3925118	3925218	100
612	18	3925618	3925718	100
613	18	3925818	3925918	100
614	18	3926618	3926718	100
615	18	3929818	3929918	100
616	18	3932618	3932818	200
617	18	3933118	3933218	100
618	18	3933318	3933418	100
619	18	3933818	3934018	200
620	18	3934218	3934318	100
621	18	3934718	3934918	200
622	18	3935218	3935318	100
623	18	3935418	3935518	100
624	18	3935718	3935818	100
625	18	3936318	3936418	100
626	18	3936518	3936618	100
627	18	3936918	3937118	200
628	18	3938318	3938418	100
629	18	3939318	3939418	100
630	18	3939618	3939718	100
631	18	3945818	3945918	100
632	18	3946718	3946818	100
633	18	3946918	3947018	100
634	18	3947518	3947618	100
635	18	3950218	3950318	100
636	18	3950518	3950718	200
637	18	3950818	3950918	100
638	18	3951318	3951418	100
639	18	3953218	3953318	100
640	18	3957718	3957818	100
641	18	3958018	3958118	100
642	18	3960718	3960818	100
643	18	3961118	3961518	400
644	18	3961818	3961918	100
645	18	3963118	3963218	100
646	18	3963818	3964018	200
647	18	3964918	3965118	200
648	18	3965618	3965718	100
649	18	3966218	3966318	100
650	18	3967718	3967818	100
651	18	3969518	3969618	100
652	18	3969818	3970118	300
653	18	3970318	3970418	100
654	18	3970518	3970618	100
655	18	3970918	3971018	100
656	18	3971118	3971218	100
657	18	3971418	3971618	200
658	18	3972418	3972618	200
659	18	3972818	3973018	200
660	18	3973618	3973818	200
661	18	3974018	3974118	100
662	18	3976118	3976418	300
663	18	3977418	3977518	100
664	18	3979018	3979118	100
665	18	3979218	3979318	100
666	18	3981018	3981218	200
667	18	3981518	3981618	100
668	18	3982418	3982618	200
669	18	3983118	3983218	100
670	18	3984118	3984218	100
671	18	3986718	3986818	100
672	18	3987118	3987418	300
673	18	3987618	3987818	200
674	18	3987918	3988018	100
675	18	3989118	3989318	200
676	18	3989918	3990118	200
677	18	3991418	3991518	100
678	18	3991618	3991718	100
679	18	3992218	3992518	300
680	18	3995018	3995118	100
681	18	4003918	4004018	100
682	18	4004118	4004318	200
683	18	4005018	4005118	100
684	18	4005318	4005418	100
685	18	4006218	4006318	100
686	18	4008418	4008518	100
687	18	4009118	4009218	100
688	18	4009718	4009818	100
689	18	4009918	4010018	100
690	18	4010118	4010218	100
691	18	4010418	4010618	200
692	18	4010718	4010818	100
693	18	4010918	4011018	100
694	18	4012218	4012318	100
695	18	4012418	4012518	100
696	18	4013618	4013718	100
697	18	4014718	4014818	100
698	18	4016518	4016618	100
699	18	4016918	4017018	100
700	18	4018218	4018318	100
701	18	4020518	4020718	200
702	18	4029618	4029718	100
703	18	4030818	4030918	100
704	18	4031018	4031118	100
705	18	4031418	4031518	100
706	18	4031618	4031718	100
707	18	4032018	4032118	100
708	18	4032618	4032718	100
709	18	4037118	4037418	300
710	18	4037518	4037618	100
711	18	4038018	4038118	100
712	18	4043418	4043718	300
713	18	4045018	4045118	100
714	18	4045918	4046018	100
715	18	4049818	4049918	100
716	18	4050018	4050118	100
717	18	4051118	4051218	100
718	18	4052518	4052718	200
719	18	4052918	4053018	100
720	18	4055118	4055218	100
721	18	4055918	4056018	100
722	18	4056118	4056218	100
723	18	4056318	4056418	100
724	18	4056518	4056618	100
725	18	4059118	4059318	200
726	18	4061018	4061118	100
727	18	4062418	4062518	100
728	18	4062918	4063018	100
729	18	4064418	4064518	100
730	18	4065718	4065818	100
731	18	4066618	4066718	100
732	18	4066818	4067018	200
733	18	4070118	4070218	100
734	18	4070518	4070618	100
735	18	4075018	4075118	100
736	18	4075518	4075618	100
737	18	4075818	4076018	200
738	18	4076118	4076218	100
739	18	4078818	4078918	100
740	18	4079118	4079218	100
741	18	4079318	4079418	100
742	18	4079518	4079618	100
743	18	4081118	4081218	100
744	18	4081918	4082018	100
745	18	4082418	4082618	200
746	18	4083518	4083718	200
747	18	4084618	4084718	100
748	18	4085118	4085218	100
749	18	4085818	4085918	100
750	18	4086518	4086618	100
751	18	4086818	4086918	100
752	18	4087518	4087618	100
753	18	4087718	4087818	100
754	18	4087918	4088018	100
755	18	4088118	4088218	100
756	18	4088318	4088518	200
757	18	4088618	4088718	100
758	18	4088918	4089018	100
759	18	4091318	4091518	200
760	18	4091918	4092018	100
761	18	4093118	4093218	100
762	18	4093618	4093918	300
763	18	4094118	4094218	100
764	18	4094418	4094518	100
765	18	4094918	4095018	100
766	18	4096518	4096618	100
767	18	4097718	4097918	200
768	18	4098018	4098118	100
769	18	4098618	4098718	100
770	18	4100318	4100418	100
771	18	4105318	4105418	100
772	18	4106018	4106118	100
773	18	4108718	4108818	100
774	18	4110718	4111118	400
775	18	4112618	4112718	100
776	18	4113718	4113818	100
777	18	4114518	4114618	100
778	18	4117918	4118018	100
779	18	4118318	4118418	100
780	18	4118918	4119018	100
781	18	4119518	4119618	100
782	18	4120018	4120418	400
783	18	4120918	4121018	100
784	18	4121118	4121218	100
785	18	4121318	4121418	100
786	18	4121518	4121618	100
787	18	4121818	4122118	300
788	18	4122418	4122518	100
789	18	4122618	4122718	100
790	18	4123018	4123118	100
791	18	4123418	4123518	100
792	18	4124218	4124318	100
793	18	4124818	4124918	100
794	18	4125818	4125918	100
795	18	4126018	4126118	100
796	18	4127218	4127318	100
797	18	4127818	4127918	100
798	18	4128018	4128118	100
799	18	4128218	4128618	400
800	18	4129718	4129818	100
801	18	4131218	4131418	200
802	18	4132118	4132218	100
803	18	4133418	4133718	300
804	18	4136318	4136818	500
805	18	4137118	4137218	100
806	18	4137718	4137918	200
807	18	4139518	4139718	200
808	18	4139918	4140118	200
809	18	4140718	4140818	100
810	18	4140918	4141018	100
811	18	4141518	4141618	100
812	18	4141918	4142018	100
813	18	4142318	4142418	100
814	18	4142918	4143118	200
815	18	4143218	4143318	100
816	18	4146218	4146318	100
817	18	4147618	4147818	200
818	18	4148118	4148218	100
819	18	4148718	4148818	100
820	18	4151418	4151518	100
821	18	4153018	4153118	100
822	18	4153818	4153918	100
823	18	4155018	4155118	100
824	18	4155618	4155718	100
825	18	4157518	4157618	100
826	18	4162318	4162418	100
827	18	4162618	4162818	200
828	18	4164718	4164818	100
829	18	4166018	4166218	200
830	18	4168418	4168518	100
831	18	4168618	4168718	100
832	18	4169118	4169218	100
833	18	4169318	4169418	100
834	18	4169818	4169918	100
835	18	4173518	4173618	100
836	18	4175518	4175618	100
837	18	4176818	4176918	100
838	18	4177018	4177218	200
839	18	4177418	4177518	100
840	18	4177818	4177918	100
841	18	4178018	4178118	100
842	18	4178618	4178718	100
843	18	4182318	4182418	100
844	18	4182918	4183018	100
845	18	4185118	4185218	100
846	18	4186218	4186318	100
847	18	4186818	4187118	300
848	18	4187218	4187318	100
849	18	4189918	4190018	100
850	18	4191818	4191918	100
851	18	4193718	4193818	100
852	18	4194018	4194118	100
853	18	4194618	4194718	100
854	18	4199018	4199118	100
855	18	4199418	4199618	200
856	18	4200218	4200318	100
857	18	4200718	4200818	100
858	18	4203418	4203518	100
859	18	4204018	4204118	100
860	18	4204618	4204718	100
861	18	4204918	4205018	100
862	18	4205418	4205518	100
863	18	4206018	4206118	100
864	18	4207018	4207118	100
865	18	4207618	4207718	100
866	18	4208018	4208118	100
867	18	4208418	4208518	100
868	18	4209018	4209118	100
869	18	4210218	4210318	100
870	18	4210618	4210718	100
871	18	4211118	4211218	100
872	18	4211618	4211718	100
873	18	4212718	4212818	100
874	18	4213818	4213918	100
875	18	4214518	4214618	100
876	18	4215018	4215118	100
877	18	4216018	4216118	100
878	18	4216818	4216918	100
879	18	4217618	4217718	100
880	18	4218518	4218618	100
881	18	4220518	4220618	100
882	18	4222618	4222718	100
883	18	4222818	4222918	100
884	18	4229818	4229918	100
885	18	4231518	4231618	100
886	18	4232218	4232418	200
887	18	4233118	4233318	200
888	18	4234018	4234118	100
889	18	4236318	4236518	200
890	18	4237318	4237418	100
891	18	4237818	4238018	200
892	18	4238118	4238318	200
893	18	4238818	4239018	200
894	18	4239118	4239218	100
895	18	4239318	4239418	100
896	18	4241418	4241618	200
897	18	4241718	4241818	100
898	18	4242518	4242818	300
899	18	4243018	4243118	100
900	18	4244318	4244618	300
901	18	4245718	4245818	100
902	18	4248118	4248218	100
903	18	4248518	4248618	100
904	18	4249118	4249218	100
905	18	4249518	4249618	100
906	18	4249918	4250018	100
907	18	4250518	4250618	100
908	18	4254218	4254318	100
909	18	4254518	4254818	300
910	18	4257218	4257318	100
911	18	4258418	4258518	100
912	18	4259018	4259118	100
913	18	4264318	4264418	100
914	18	4265618	4265818	200
915	18	4265918	4266018	100
916	18	4266418	4266618	200
917	18	4267918	4268018	100
918	18	4269018	4269118	100
919	18	4270918	4271018	100
920	18	4271618	4271718	100
921	18	4274918	4275118	200
922	18	4275318	4275418	100
923	18	4276418	4276818	400
924	18	4276918	4277018	100
925	18	4277218	4277418	200
926	18	4277718	4277818	100
927	18	4278018	4278218	200
928	18	4278318	4278618	300
929	18	4280218	4280318	100
930	18	4283918	4284018	100
931	18	4288218	4288318	100
932	18	4289018	4289118	100
933	18	4291018	4291118	100
934	18	4291318	4291418	100
935	18	4291918	4292018	100
936	18	4292118	4292218	100
937	18	4293118	4293318	200
938	18	4294218	4294318	100
939	18	4294418	4294518	100
940	18	4294618	4294718	100
941	18	4295918	4296018	100
942	18	4296718	4296818	100
943	18	4297218	4297318	100
944	18	4298818	4298918	100
945	18	4299718	4299818	100
946	18	4300318	4300418	100
947	18	4301018	4301118	100
948	18	4302918	4303018	100
949	18	4303118	4303218	100
950	18	4306818	4306918	100
951	18	4308418	4308518	100
952	18	4308818	4308918	100
953	18	4309218	4309418	200
954	18	4309818	4309918	100
955	18	4310718	4310818	100
956	18	4310918	4311018	100
957	18	4311518	4311618	100
958	18	4311918	4312018	100
959	18	4312518	4312718	200
960	18	4313318	4313618	300
961	18	4313818	4313918	100
962	18	4314218	4314318	100
963	18	4315218	4315418	200
964	18	4318518	4318818	300
965	18	4319618	4319718	100
966	18	4321018	4321118	100
967	18	4321218	4321318	100
968	18	4321518	4321618	100
969	18	4324518	4324618	100
970	18	4327918	4328018	100
971	18	4330718	4330818	100
972	18	4332118	4332418	300
973	18	4332518	4332618	100
974	18	4332818	4333118	300
975	18	4333418	4333518	100
976	18	4333618	4333718	100
977	18	4333918	4334218	300
978	18	4334618	4334818	200
979	18	4334918	4335118	200
980	18	4335618	4335718	100
981	18	4336218	4336318	100
982	18	4336418	4336718	300
983	18	4337518	4337618	100
984	18	4338418	4338518	100
985	18	4339818	4340018	200
986	18	4340418	4340518	100
987	18	4340718	4340918	200
988	18	4341418	4341518	100
989	18	4342718	4342918	200
990	18	4343018	4343218	200
991	18	4343518	4343618	100
992	18	4344118	4344218	100
993	18	4344618	4344718	100
994	18	4345318	4345418	100
995	18	4346418	4346518	100
996	18	4346718	4347218	500
997	18	4348018	4348118	100
998	18	4349118	4349218	100
999	18	4350018	4350118	100
1000	18	4350418	4350518	100
1001	18	4350818	4350918	100
1002	18	4351218	4351318	100
1003	18	4351418	4351518	100
1004	18	4351818	4352118	300
1005	18	4352718	4353718	1000
1006	18	4354018	4354118	100
1007	18	4354718	4354818	100
1008	18	4355418	4355618	200
1009	18	4356318	4356418	100
1010	18	4358318	4358418	100
1011	18	4359918	4360018	100
1012	18	4360118	4360218	100
1013	18	4360518	4360618	100
1014	18	4361418	4361518	100
1015	18	4361618	4361718	100
1016	18	4361918	4362018	100
1017	18	4362218	4362318	100
1018	18	4362618	4362718	100
1019	18	4362918	4363018	100
1020	18	4363818	4364118	300
1021	18	4364318	4364418	100
1022	18	4364518	4364618	100
1023	18	4365118	4365218	100
1024	18	4365818	4365918	100
1025	18	4366618	4366718	100
1026	18	4366918	4367018	100
1027	18	4367818	4367918	100
1028	18	4368518	4368618	100
1029	18	4369218	4369418	200
1030	18	4370718	4371018	300
1031	18	4374018	4374118	100
1032	18	4374918	4375018	100
1033	18	4375518	4376018	500
1034	18	4376118	4376218	100
1035	18	4376318	4376518	200
1036	18	4376818	4376918	100
1037	18	4377018	4377218	200
1038	18	4377818	4378118	300
1039	18	4379218	4379318	100
1040	18	4380218	4380318	100
1041	18	4380718	4380818	100
1042	18	4382618	4382818	200
1043	18	4383218	4383318	100
1044	18	4384418	4384518	100
1045	18	4384918	4385018	100
1046	18	4385118	4385318	200
1047	18	4386518	4386618	100
1048	18	4389518	4389618	100
1049	18	4389918	4390018	100
1050	18	4396018	4396118	100
1051	18	4396218	4396518	300
1052	18	4397918	4398118	200
1053	18	4398618	4398718	100
1054	18	4399618	4399718	100
1055	18	4399818	4400018	200
1056	18	4400218	4400618	400
1057	18	4400918	4401018	100
1058	18	4401218	4401418	200
1059	18	4401518	4401618	100
1060	18	4401818	4402018	200
1061	18	4402318	4402418	100
1062	18	4403618	4403818	200
1063	18	4404118	4404218	100
1064	18	4404418	4404518	100
1065	18	4405118	4405218	100
1066	18	4405418	4405518	100
1067	18	4405918	4406118	200
1068	18	4408018	4408118	100
1069	18	4409818	4409918	100
1070	18	4411418	4411518	100
1071	18	4411918	4412018	100
1072	18	4412218	4412418	200
1073	18	4414118	4414218	100
1074	18	4414618	4414718	100
1075	18	4415018	4415118	100
1076	18	4416318	4416418	100
1077	18	4416518	4416618	100
1078	18	4416718	4416818	100
1079	18	4416918	4417118	200
1080	18	4419818	4419918	100
1081	18	4422718	4422918	200
1082	18	4423018	4423118	100
1083	18	4423618	4423718	100
1084	18	4423918	4424018	100
1085	18	4424718	4424818	100
1086	18	4425718	4425818	100
1087	18	4426818	4426918	100
1088	18	4431918	4432018	100
1089	18	4432318	4432418	100
1090	18	4434618	4434718	100
1091	18	4436118	4436218	100
1092	18	4437118	4437418	300
1093	18	4437618	4437718	100
1094	18	4438018	4438118	100
1095	18	4438218	4438318	100
1096	18	4439618	4439718	100
1097	18	4440018	4440218	200
1098	18	4440418	4440618	200
1099	18	4440718	4440818	100
1100	18	4440918	4441018	100
1101	18	4441418	4441518	100
1102	18	4442418	4442518	100
1103	18	4442618	4442918	300
1104	18	4443118	4443218	100
1105	18	4443418	4443518	100
1106	18	4444218	4444318	100
1107	18	4444418	4444618	200
1108	18	4444918	4445018	100
1109	18	4445418	4445518	100
1110	18	4445818	4445918	100
1111	18	4446018	4446118	100
1112	18	4461318	4461418	100
1113	18	4461918	4462018	100
1114	18	4462118	4462218	100
1115	18	4462518	4462618	100
1116	18	4462718	4462818	100
1117	18	4463218	4463318	100
1118	18	4464418	4464518	100
1119	18	4465718	4465818	100
1120	18	4466518	4466918	400
1121	18	4474318	4474418	100
1122	18	4474518	4474618	100
1123	18	4475118	4475218	100
1124	18	4475918	4476018	100
1125	18	4477018	4477118	100
1126	18	4484918	4485118	200
1127	18	4493918	4494318	400
1128	18	4494418	4494518	100
1129	18	4502218	4502318	100
1130	18	4502918	4503018	100
1131	18	4503318	4503418	100
1132	18	4504518	4504618	100
1133	18	4504718	4505018	300
1134	18	4505118	4505618	500
1135	18	4505718	4505918	200
1136	18	4506018	4506118	100
1137	18	4506718	4506818	100
1138	18	4507518	4507718	200
1139	18	4509518	4509618	100
1140	18	4509818	4509918	100
1141	18	4511718	4511918	200
1142	18	4512518	4512618	100
1143	18	4512718	4512818	100
1144	18	4513118	4513218	100
1145	18	4513618	4513718	100
1146	18	4514218	4514418	200
1147	18	4514518	4515418	900
1148	18	4515518	4515618	100
1149	18	4516918	4517018	100
1150	18	4517318	4517418	100
1151	18	4517518	4517618	100
1152	18	4518018	4518118	100
1153	18	4518218	4518318	100
1154	18	4518618	4518718	100
1155	18	4518818	4519018	200
1156	18	4519518	4519618	100
1157	18	4519718	4520018	300
1158	18	4522418	4522518	100
1159	18	4522718	4522818	100
1160	18	4523018	4523218	200
1161	18	4523818	4523918	100
1162	18	4524018	4524118	100
1163	18	4524918	4525018	100
1164	18	4525518	4525618	100
1165	18	4526318	4526418	100
1166	18	4527718	4527818	100
1167	18	4530718	4530818	100
1168	18	4531418	4531518	100
1169	18	4532518	4532618	100
1170	18	4532718	4532918	200
1171	18	4541518	4541618	100
1172	18	4541918	4542218	300
1173	18	4543718	4543818	100
1174	18	4545818	4545918	100
1175	18	4546218	4546318	100
1176	18	4546818	4546918	100
1177	18	4547518	4547618	100
1178	18	4548418	4548518	100
1179	18	4548818	4548918	100
1180	18	4549418	4549518	100
1181	18	4550418	4550518	100
1182	18	4550918	4551018	100
1183	18	4551518	4551618	100
1184	18	4551918	4552018	100
1185	18	4552218	4552318	100
1186	18	4552918	4553018	100
1187	18	4553118	4553218	100
1188	18	4554218	4554518	300
1189	18	4554718	4554818	100
1190	18	4555518	4555618	100
1191	18	4558318	4558418	100
1192	18	4558818	4559018	200
1193	18	4559318	4559718	400
1194	18	4560218	4560318	100
1195	18	4561718	4561818	100
1196	18	4563418	4563518	100
1197	18	4563618	4563718	100
1198	18	4564718	4564818	100
1199	18	4565018	4565118	100
1200	18	4565418	4565518	100
1201	18	4565818	4565918	100
1202	18	4566318	4566418	100
1203	18	4566918	4567118	200
1204	18	4567218	4567718	500
1205	18	4568018	4568118	100
1206	18	4568718	4568818	100
1207	18	4568918	4569018	100
1208	18	4569318	4569418	100
1209	18	4570318	4570418	100
1210	18	4570918	4571018	100
1211	18	4571418	4571518	100
1212	18	4573218	4573318	100
1213	18	4573718	4573918	200
1214	18	4574018	4574218	200
1215	18	4575618	4575818	200
1216	18	4577818	4577918	100
1217	18	4578018	4578118	100
1218	18	4580518	4580618	100
1219	18	4581918	4582018	100
1220	18	4583218	4583318	100
1221	18	4584218	4584318	100
1222	18	4588218	4588418	200
1223	18	4588718	4588918	200
1224	18	4589218	4589318	100
1225	18	4589918	4590118	200
1226	18	4590818	4590918	100
1227	18	4591718	4592418	700
1228	18	4592618	4592718	100
1229	18	4593418	4593518	100
1230	18	4594118	4594418	300
1231	18	4595718	4595818	100
1232	18	4596218	4596318	100
1233	18	4597418	4597518	100
1234	18	4597918	4598018	100
1235	18	4600518	4600618	100
1236	18	4602418	4602718	300
1237	18	4604318	4604418	100
1238	18	4605918	4606118	200
1239	18	4606218	4606318	100
1240	18	4606418	4606518	100
1241	18	4606618	4606718	100
1242	18	4607418	4607518	100
1243	18	4609718	4609818	100
1244	18	4610218	4610318	100
1245	18	4610418	4610518	100
1246	18	4611018	4611118	100
1247	18	4611918	4612018	100
1248	18	4612518	4612718	200
1249	18	4613718	4613918	200
1250	18	4614818	4614918	100
1251	18	4617218	4617318	100
1252	18	4617518	4617618	100
1253	18	4617718	4617818	100
1254	18	4618018	4618118	100
1255	18	4618718	4618918	200
1256	18	4619018	4619118	100
1257	18	4619618	4619818	200
1258	18	4620218	4620318	100
1259	18	4620818	4620918	100
1260	18	4621018	4621418	400
1261	18	4621518	4621618	100
1262	18	4621918	4622018	100
1263	18	4622118	4622318	200
1264	18	4622918	4623218	300
1265	18	4624218	4624318	100
1266	18	4624418	4624718	300
1267	18	4625318	4625518	200
1268	18	4625718	4625818	100
1269	18	4626318	4626418	100
1270	18	4626518	4626718	200
1271	18	4628318	4628718	400
1272	18	4629718	4629818	100
1273	18	4631318	4631418	100
1274	18	4633718	4633818	100
1275	18	4633918	4634018	100
1276	18	4634418	4634518	100
1277	18	4634718	4635818	1100
1278	18	4635918	4636018	100
1279	18	4636318	4636718	400
1280	18	4638418	4638518	100
1281	18	4639818	4639918	100
1282	18	4640518	4640918	400
1283	18	4641418	4641518	100
1284	18	4642418	4642618	200
1285	18	4643518	4643618	100
1286	18	4644618	4644718	100
1287	18	4644818	4645018	200
1288	18	4646518	4646618	100
1289	18	4646818	4646918	100
1290	18	4647118	4647218	100
1291	18	4647318	4647418	100
1292	18	4647718	4647818	100
1293	18	4647918	4648018	100
1294	18	4648118	4648218	100
1295	18	4648818	4649018	200
1296	18	4649318	4649418	100
1297	18	4649518	4649718	200
1298	18	4649818	4649918	100
1299	18	4650218	4650518	300
1300	18	4651018	4651118	100
1301	18	4651318	4651518	200
1302	18	4651618	4652118	500
1303	18	4652318	4652818	500
1304	18	4652918	4653018	100
1305	18	4653518	4653618	100
1306	18	4653718	4653918	200
1307	18	4654118	4654218	100
1308	18	4654318	4654418	100
1309	18	4654518	4654618	100
1310	18	4654718	4654818	100
1311	18	4655618	4655718	100
1312	18	4655918	4656018	100
1313	18	4656118	4656218	100
1314	18	4656418	4656618	200
1315	18	4656918	4657818	900
1316	18	4657918	4658018	100
1317	18	4664518	4664618	100
1318	18	4665118	4665318	200
1319	18	4667018	4667118	100
1320	18	4668218	4668318	100
1321	18	4669018	4669118	100
1322	18	4669918	4670118	200
1323	18	4670218	4670618	400
1324	18	4670818	4671018	200
1325	18	4671118	4671218	100
1326	18	4671918	4672118	200
1327	18	4672518	4672718	200
1328	18	4673118	4673418	300
1329	18	4673618	4673918	300
1330	18	4674018	4674118	100
1331	18	4674318	4674418	100
1332	18	4674518	4674718	200
1333	18	4674818	4675118	300
1334	18	4675218	4675718	500
1335	18	4676418	4676518	100
1336	18	4677918	4678018	100
1337	18	4678118	4678318	200
1338	18	4678518	4678618	100
1339	18	4679318	4679518	200
1340	18	4679618	4679718	100
1341	18	4679818	4679918	100
1342	18	4680218	4680418	200
1343	18	4680618	4680718	100
1344	18	4681418	4681518	100
1345	18	4683018	4683118	100
1346	18	4684318	4684518	200
1347	18	4684618	4685018	400
1348	18	4685218	4685318	100
1349	18	4685718	4685918	200
1350	18	4686218	4686318	100
1351	18	4687118	4687418	300
1352	18	4687818	4687918	100
1353	18	4688218	4688318	100
1354	18	4689118	4689218	100
1355	18	4689318	4689418	100
1356	18	4689718	4689918	200
1357	18	4690018	4690218	200
1358	18	4691618	4691718	100
1359	18	4692018	4692118	100
1360	18	4692518	4692618	100
1361	18	4693018	4693318	300
1362	18	4693418	4693518	100
1363	18	4693918	4694018	100
1364	18	4702518	4702618	100
1365	18	4704018	4704118	100
1366	18	4704518	4704618	100
1367	18	4704718	4704818	100
1368	18	4705618	4705818	200
1369	18	4706318	4706418	100
1370	18	4706718	4706818	100
1371	18	4707418	4707518	100
1372	18	4707618	4707718	100
1373	18	4708218	4708318	100
1374	18	4708418	4708518	100
1375	18	4709118	4709318	200
1376	18	4709418	4709618	200
1377	18	4709818	4710118	300
1378	18	4710218	4710318	100
1379	18	4710518	4710618	100
1380	18	4710818	4710918	100
1381	18	4711018	4711218	200
1382	18	4711418	4711618	200
1383	18	4711918	4712018	100
1384	18	4712118	4712218	100
1385	18	4712418	4712518	100
1386	18	4712618	4712718	100
1387	18	4712818	4712918	100
1388	18	4713018	4713118	100
1389	18	4713218	4713318	100
1390	18	4713418	4713618	200
1391	18	4713718	4714018	300
1392	18	4714118	4714218	100
1393	18	4714318	4714418	100
1394	18	4715518	4715818	300
1395	18	4716518	4716618	100
1396	18	4716718	4716818	100
1397	18	4717418	4717518	100
1398	18	4717818	4718018	200
1399	18	4729418	4729518	100
1400	18	4730218	4730318	100
1401	18	4732118	4732218	100
1402	18	4732318	4732418	100
1403	18	4733118	4733218	100
1404	18	4733618	4733718	100
1405	18	4734218	4734518	300
1406	18	4736018	4736118	100
1407	18	4736318	4736418	100
1408	18	4736618	4736718	100
1409	18	4736818	4737118	300
1410	18	4737618	4738018	400
1411	18	4739818	4739918	100
1412	18	4740618	4740718	100
1413	18	4740818	4741018	200
1414	18	4741218	4741318	100
1415	18	4741418	4741618	200
1416	18	4741718	4741818	100
1417	18	4742818	4742918	100
1418	18	4743018	4743118	100
1419	18	4743218	4743518	300
1420	18	4745718	4745918	200
1421	18	4746218	4746318	100
1422	18	4746618	4746818	200
1423	18	4746918	4747018	100
1424	18	4747418	4747518	100
1425	18	4747618	4747718	100
1426	18	4748218	4748318	100
1427	18	4748418	4748518	100
1428	18	4752418	4752518	100
1429	18	4752818	4752918	100
1430	18	4754818	4754918	100
1431	18	4756118	4756218	100
1432	18	4756518	4756618	100
1433	18	4757518	4757618	100
1434	18	4757718	4758218	500
1435	18	4758418	4758718	300
1436	18	4759018	4759118	100
1437	18	4759218	4759318	100
1438	18	4759518	4759718	200
1439	18	4760018	4760118	100
1440	18	4761918	4762018	100
1441	18	4762118	4762218	100
1442	18	4762318	4762418	100
1443	18	4763918	4764118	200
1444	18	4764218	4764518	300
1445	18	4764818	4765018	200
1446	18	4766318	4766418	100
1447	18	4766818	4767018	200
1448	18	4768518	4768618	100
1449	18	4768718	4768818	100
1450	18	4769018	4769518	500
1451	18	4769818	4769918	100
1452	18	4770218	4770318	100
1453	18	4771818	4771918	100
1454	18	4773418	4773518	100
1455	18	4773618	4773718	100
1456	18	4774018	4774118	100
1457	18	4774518	4774718	200
1458	18	4775618	4775718	100
1459	18	4776618	4776718	100
1460	18	4778418	4778518	100
1461	18	4779018	4779118	100
1462	18	4780218	4780318	100
1463	18	4780718	4780918	200
1464	18	4784818	4784918	100
1465	18	4785118	4785218	100
1466	18	4785418	4785518	100
1467	18	4786118	4786218	100
1468	18	4786418	4786518	100
1469	18	4786818	4787018	200
1470	18	4787418	4787518	100
1471	18	4788318	4788518	200
1472	18	4790618	4790718	100
1473	18	4790818	4790918	100
1474	18	4791618	4791718	100
1475	18	4791818	4792218	400
1476	18	4792318	4792718	400
1477	18	4792818	4792918	100
1478	18	4793518	4793718	200
1479	18	4793918	4794018	100
1480	18	4794318	4794418	100
1481	18	4794518	4794718	200
1482	18	4795018	4795118	100
1483	18	4795418	4795618	200
1484	18	4796018	4796218	200
1485	18	4796518	4796718	200
1486	18	4796918	4797018	100
1487	18	4797818	4797918	100
1488	18	4798018	4798218	200
1489	18	4798818	4798918	100
1490	18	4799618	4799718	100
1491	18	4801518	4801618	100
1492	18	4801918	4802218	300
1493	18	4802818	4803018	200
1494	18	4803618	4804218	600
1495	18	4805518	4805718	200
1496	18	4805918	4806318	400
1497	18	4807018	4807118	100
1498	18	4807418	4807518	100
1499	18	4807718	4807818	100
1500	18	4807918	4808018	100
1501	18	4808918	4809018	100
1502	18	4809118	4809218	100
1503	18	4810618	4811218	600
1504	18	4811618	4811718	100
1505	18	4812118	4812318	200
1506	18	4812518	4812618	100
1507	18	4812718	4812918	200
1508	18	4813218	4813318	100
1509	18	4813618	4813718	100
1510	18	4813818	4813918	100
1511	18	4814018	4814118	100
1512	18	4814318	4814418	100
1513	18	4814618	4814818	200
1514	18	4815318	4815418	100
1515	18	4816018	4816118	100
1516	18	4816718	4816818	100
1517	18	4817318	4817418	100
1518	18	4817818	4818118	300
1519	18	4818218	4818318	100
1520	18	4818518	4818918	400
1521	18	4819218	4819518	300
1522	18	4819618	4819818	200
1523	18	4820118	4820318	200
1524	18	4820518	4820618	100
1525	18	4821018	4821318	300
1526	18	4821518	4821618	100
1527	18	4823718	4824018	300
1528	18	4824118	4824218	100
1529	18	4824618	4824718	100
1530	18	4825418	4825718	300
1531	18	4825818	4826318	500
1532	18	4826518	4826618	100
1533	18	4826718	4826818	100
1534	18	4827318	4827418	100
1535	18	4827818	4827918	100
1536	18	4828018	4828118	100
1537	18	4828918	4829018	100
1538	18	4829218	4829518	300
1539	18	4829618	4829718	100
1540	18	4829818	4829918	100
1541	18	4830318	4830418	100
1542	18	4830818	4830918	100
1543	18	4831518	4831618	100
1544	18	4833218	4833318	100
1545	18	4833418	4833518	100
1546	18	4834018	4834118	100
1547	18	4834218	4834518	300
1548	18	4834618	4834718	100
1549	18	4834918	4835018	100
1550	18	4835118	4835218	100
1551	18	4835318	4835518	200
1552	18	4835618	4835818	200
1553	18	4836018	4836118	100
1554	18	4836218	4836318	100
1555	18	4836918	4837018	100
1556	18	4837118	4837218	100
1557	18	4838618	4838818	200
1558	18	4838918	4839018	100
1559	18	4839718	4839818	100
1560	18	4840118	4840318	200
1561	18	4840418	4840518	100
1562	18	4841218	4841318	100
1563	18	4842418	4842518	100
1564	18	4843618	4843818	200
1565	18	4844118	4844218	100
1566	18	4844518	4844718	200
1567	18	4845218	4845318	100
1568	18	4845618	4845718	100
1569	18	4845818	4845918	100
1570	18	4847718	4847818	100
1571	18	4848618	4848718	100
1572	18	4848818	4848918	100
1573	18	4849618	4849818	200
1574	18	4850118	4850218	100
1575	18	4850518	4850618	100
1576	18	4851818	4851918	100
1577	18	4852018	4852118	100
1578	18	4852818	4852918	100
1579	18	4853218	4853318	100
1580	18	4853418	4853718	300
1581	18	4853818	4853918	100
1582	18	4854018	4854118	100
1583	18	4854418	4854518	100
1584	18	4856618	4856718	100
1585	18	4858518	4858618	100
1586	18	4858818	4858918	100
1587	18	4859218	4859318	100
1588	18	4859418	4859618	200
1589	18	4859718	4859818	100
1590	18	4860718	4860818	100
1591	18	4861818	4861918	100
1592	18	4862518	4862718	200
1593	18	4862818	4862918	100
1594	18	4863218	4863418	200
1595	18	4863818	4863918	100
1596	18	4864418	4864518	100
1597	18	4865218	4865318	100
1598	18	4865818	4865918	100
1599	18	4866018	4866118	100
1600	18	4867818	4867918	100
1601	18	4868018	4868118	100
1602	18	4868218	4868318	100
1603	18	4868718	4868818	100
1604	18	4869418	4869518	100
1605	18	4869918	4870018	100
1606	18	4870118	4870218	100
1607	18	4873318	4873418	100
1608	18	4873618	4873818	200
1609	18	4876518	4876618	100
1610	18	4876718	4876818	100
1611	18	4877418	4877518	100
1612	18	4878018	4878118	100
1613	18	4879318	4879418	100
1614	18	4880518	4881118	600
1615	18	4882218	4882518	300
1616	18	4882818	4883018	200
1617	18	4884918	4885118	200
1618	18	4886418	4886518	100
1619	18	4886618	4886718	100
1620	18	4888718	4888818	100
1621	18	4891318	4891418	100
1622	18	4891818	4892318	500
1623	18	4895918	4896018	100
1624	18	4896118	4896218	100
1625	18	4896818	4896918	100
1626	18	4898818	4899218	400
1627	18	4901118	4901218	100
1628	18	4907118	4907218	100
1629	18	4908218	4908318	100
1630	18	4908918	4909018	100
1631	18	4909518	4909718	200
1632	18	4911218	4911318	100
1633	18	4911418	4911518	100
1634	18	4911618	4911718	100
1635	18	4912118	4912218	100
1636	18	4912518	4912818	300
1637	18	4912918	4913018	100
1638	18	4913418	4913518	100
1639	18	4914618	4914718	100
1640	18	4915018	4915118	100
1641	18	4915318	4915518	200
1642	18	4915618	4915718	100
1643	18	4916218	4916318	100
1644	18	4916618	4916718	100
1645	18	4916818	4916918	100
1646	18	4917018	4917118	100
1647	18	4917218	4917318	100
1648	18	4918118	4918218	100
1649	18	4918618	4918718	100
1650	18	4919118	4919218	100
1651	18	4920118	4920618	500
1652	18	4920718	4922318	1600
1653	18	4922618	4923018	400
1654	18	4923718	4923818	100
1655	18	4924518	4924618	100
1656	18	4925018	4925218	200
1657	18	4926718	4926818	100
1658	18	4926918	4927018	100
1659	18	4927118	4927218	100
1660	18	4927518	4927618	100
1661	18	4927918	4928018	100
1662	18	4928118	4928218	100
1663	18	4928318	4928418	100
1664	18	4928718	4928818	100
1665	18	4929518	4929718	200
1666	18	4930018	4930118	100
1667	18	4931218	4931318	100
1668	18	4932718	4932818	100
1669	18	4933618	4933818	200
1670	18	4934018	4934118	100
1671	18	4934318	4934518	200
1672	18	4935118	4935218	100
1673	18	4935718	4935918	200
1674	18	4937018	4937118	100
1675	18	4937618	4937718	100
1676	18	4938818	4938918	100
1677	18	4939018	4939118	100
1678	18	4939918	4940518	600
1679	18	4941118	4941218	100
1680	18	4941618	4941718	100
1681	18	4942118	4942218	100
1682	18	4942518	4942618	100
1683	18	4942818	4943018	200
1684	18	4944018	4944318	300
1685	18	4944618	4944718	100
1686	18	4945218	4945318	100
1687	18	4946618	4946718	100
1688	18	4947018	4947118	100
1689	18	4947218	4947318	100
1690	18	4947418	4947518	100
1691	18	4947818	4947918	100
1692	18	4948218	4948418	200
1693	18	4948618	4948718	100
1694	18	4949318	4949418	100
1695	18	4950718	4950818	100
1696	18	4951218	4951318	100
1697	18	4952518	4952618	100
1698	18	4952818	4952918	100
1699	18	4953018	4953218	200
1700	18	4953418	4953518	100
1701	18	4953618	4953718	100
1702	18	4955418	4955518	100
1703	18	4955818	4955918	100
1704	18	4956018	4956118	100
1705	18	4956818	4956918	100
1706	18	4957218	4957418	200
1707	18	4957818	4958018	200
1708	18	4958918	4959018	100
1709	18	4959518	4959918	400
1710	18	4961618	4961718	100
1711	18	4961818	4961918	100
1712	18	4962018	4962118	100
1713	18	4962418	4962518	100
1714	18	4962718	4962918	200
1715	18	4963018	4963118	100
1716	18	4963818	4964118	300
1717	18	4964618	4964918	300
1718	18	4965218	4965318	100
1719	18	4965518	4965818	300
1720	18	4967418	4967518	100
1721	18	4968618	4968818	200
1722	18	4969018	4969118	100
1723	18	4969318	4969418	100
1724	18	4969818	4969918	100
1725	18	4970418	4970518	100
1726	18	4970918	4971318	400
1727	18	4972518	4972618	100
1728	18	4976818	4976918	100
1729	18	4977218	4977318	100
1730	18	4978218	4978418	200
1731	18	4978718	4978818	100
1732	18	4978918	4979018	100
1733	18	4980318	4980418	100
1734	18	4980518	4980718	200
1735	18	4981318	4981418	100
1736	18	4982118	4982218	100
1737	18	4982618	4982718	100
1738	18	4983318	4983418	100
1739	18	4983618	4983718	100
1740	18	4987118	4987318	200
1741	18	4987818	4987918	100
1742	18	4988018	4988118	100
1743	18	4988218	4988318	100
1744	18	4988418	4988618	200
1745	18	4989518	4989618	100
1746	18	4990118	4990218	100
1747	18	4991418	4991518	100
1748	18	4992818	4992918	100
1749	18	4993118	4993318	200
1750	18	4993718	4994018	300
1751	18	4994518	4994818	300
1752	18	4995818	4995918	100
1753	18	4996418	4996518	100
1754	18	4996818	4996918	100
1755	18	4997518	4997618	100
1756	18	4997918	4998018	100
1757	18	4998118	4998418	300
1758	18	4998618	4998818	200
1759	18	4999218	4999318	100
1760	18	5000018	5000118	100
1761	18	5000218	5000518	300
1762	18	5001618	5001918	300
1763	18	5002218	5002318	100
1764	18	5002418	5002618	200
1765	18	5002918	5003018	100
1766	18	5003918	5004018	100
1767	18	5004418	5004518	100
1768	18	5004618	5004718	100
1769	18	5004818	5004918	100
1770	18	5005018	5005118	100
1771	18	5005218	5005318	100
1772	18	5005418	5005518	100
1773	18	5006018	5006118	100
1774	18	5006218	5006318	100
1775	18	5007718	5007818	100
1776	18	5008118	5008218	100
1777	18	5008418	5008518	100
1778	18	5008718	5009118	400
1779	18	5009518	5009618	100
1780	18	5009818	5009918	100
1781	18	5010018	5010118	100
1782	18	5010518	5010618	100
1783	18	5010718	5010918	200
1784	18	5011018	5011118	100
1785	18	5011518	5011918	400
1786	18	5012018	5012218	200
1787	18	5012318	5012718	400
1788	18	5013118	5013318	200
1789	18	5013518	5013618	100
1790	18	5013818	5013918	100
1791	18	5014018	5014118	100
1792	18	5014218	5014318	100
1793	18	5014418	5014518	100
1794	18	5014718	5014818	100
1795	18	5014918	5015218	300
1796	18	5015618	5015918	300
1797	18	5016118	5016518	400
1798	18	5016918	5017018	100
1799	18	5017118	5017318	200
1800	18	5018018	5018118	100
1801	18	5018218	5018418	200
1802	18	5018618	5018718	100
1803	18	5018918	5019018	100
1804	18	5019418	5019518	100
1805	18	5019818	5020218	400
1806	18	5020418	5020618	200
1807	18	5020718	5020818	100
1808	18	5021318	5021518	200
1809	18	5022118	5022218	100
1810	18	5024018	5024118	100
1811	18	5024918	5025018	100
1812	18	5025418	5025518	100
1813	18	5025818	5025918	100
1814	18	5027418	5027618	200
1815	18	5027718	5028218	500
1816	18	5029118	5029218	100
1817	18	5029718	5029818	100
1818	18	5030818	5031118	300
1819	18	5031518	5031618	100
1820	18	5032018	5032118	100
1821	18	5032218	5032318	100
1822	18	5033818	5033918	100
1823	18	5034718	5035218	500
1824	18	5038518	5038618	100
1825	18	5038818	5038918	100
1826	18	5039618	5039718	100
1827	18	5040318	5040518	200
1828	18	5040618	5040718	100
1829	18	5041518	5041618	100
1830	18	5041918	5042218	300
1831	18	5042418	5042518	100
1832	18	5042718	5042818	100
1833	18	5043418	5043518	100
1834	18	5043718	5043918	200
1835	18	5045018	5045118	100
1836	18	5046818	5047218	400
1837	18	5047318	5047418	100
1838	18	5047518	5047718	200
1839	18	5047818	5048218	400
1840	18	5048718	5048818	100
1841	18	5049018	5049118	100
1842	18	5049218	5049318	100
1843	18	5049418	5049718	300
1844	18	5049818	5049918	100
1845	18	5051818	5052018	200
1846	18	5052118	5052218	100
1847	18	5052318	5052418	100
1848	18	5052618	5052818	200
1849	18	5053118	5053218	100
1850	18	5054018	5054118	100
1851	18	5054318	5054518	200
1852	18	5054618	5054718	100
1853	18	5055218	5055318	100
1854	18	5055718	5055918	200
1855	18	5056018	5056118	100
1856	18	5056718	5056918	200
1857	18	5057218	5057318	100
1858	18	5057418	5057518	100
1859	18	5057918	5058018	100
1860	18	5058718	5059118	400
1861	18	5059318	5059418	100
1862	18	5059818	5059918	100
1863	18	5060018	5060118	100
1864	18	5060218	5060318	100
1865	18	5060518	5060618	100
1866	18	5061518	5061618	100
1867	18	5061818	5061918	100
1868	18	5062118	5062318	200
1869	18	5063118	5063218	100
1870	18	5063318	5063718	400
1871	18	5064118	5064618	500
1872	18	5066818	5066918	100
1873	18	5067018	5067118	100
1874	18	5068218	5068318	100
1875	18	5068418	5068618	200
1876	18	5068818	5069118	300
1877	18	5069418	5069518	100
1878	18	5070618	5070718	100
1879	18	5070818	5070918	100
1880	18	5071418	5071518	100
1881	18	5073618	5073718	100
1882	18	5073918	5074018	100
1883	18	5074118	5074218	100
1884	18	5074718	5074818	100
1885	18	5075018	5075118	100
1886	18	5075318	5075418	100
1887	18	5076618	5077318	700
1888	18	5079518	5079618	100
1889	18	5079818	5079918	100
1890	18	5082118	5082318	200
1891	18	5082418	5082518	100
1892	18	5082818	5082918	100
1893	18	5084318	5084418	100
1894	18	5084918	5085218	300
1895	18	5085518	5085618	100
1896	18	5085718	5085918	200
1897	18	5086318	5086418	100
1898	18	5086818	5086918	100
1899	18	5087818	5087918	100
1900	18	5088018	5088118	100
1901	18	5088418	5088518	100
1902	18	5088618	5088718	100
1903	18	5088818	5089018	200
1904	18	5089918	5090018	100
1905	18	5090718	5091118	400
1906	18	5091218	5091318	100
1907	18	5092718	5092918	200
1908	18	5093018	5093318	300
1909	18	5093418	5093518	100
1910	18	5094018	5094218	200
1911	18	5094318	5094418	100
1912	18	5094518	5094618	100
1913	18	5094818	5094918	100
1914	18	5095018	5095118	100
1915	18	5097118	5097218	100
1916	18	5097318	5097418	100
1917	18	5097518	5097718	200
1918	18	5098618	5098918	300
1919	18	5099018	5099318	300
1920	18	5099418	5099518	100
1921	18	5099618	5099818	200
1922	18	5099918	5100118	200
1923	18	5100718	5101018	300
1924	18	5101218	5101318	100
1925	18	5101518	5101718	200
1926	18	5102118	5102218	100
1927	18	5103118	5103318	200
1928	18	5103418	5103618	200
1929	18	5103818	5104318	500
1930	18	5104818	5104918	100
1931	18	5105018	5105118	100
1932	18	5105218	5105318	100
1933	18	5106218	5106318	100
1934	18	5106518	5106818	300
1935	18	5107218	5107318	100
1936	18	5107718	5107818	100
1937	18	5108518	5108718	200
1938	18	5109318	5109518	200
1939	18	5109918	5110018	100
1940	18	5113118	5113218	100
1941	18	5113518	5113618	100
1942	18	5114618	5114718	100
1943	18	5115218	5115418	200
1944	18	5115618	5116118	500
1945	18	5116318	5116418	100
1946	18	5116618	5116718	100
1947	18	5117018	5117218	200
1948	18	5117418	5117518	100
1949	18	5117918	5118118	200
1950	18	5118918	5119018	100
1951	18	5119718	5119918	200
1952	18	5120118	5120218	100
1953	18	5121818	5121918	100
1954	18	5122918	5123018	100
1955	18	5123118	5123218	100
1956	18	5124118	5124218	100
1957	18	5124518	5125018	500
1958	18	5125418	5125618	200
1959	18	5125818	5126018	200
1960	18	5126418	5126518	100
1961	18	5126618	5126718	100
1962	18	5127218	5127418	200
1963	18	5127618	5127718	100
1964	18	5128218	5128318	100
1965	18	5130518	5130618	100
1966	18	5131418	5131518	100
1967	18	5132218	5132418	200
1968	18	5133018	5133518	500
1969	18	5133618	5133818	200
1970	18	5133918	5134018	100
1971	18	5134118	5134418	300
1972	18	5134518	5134718	200
1973	18	5134818	5134918	100
1974	18	5135018	5135118	100
1975	18	5135818	5135918	100
1976	18	5136418	5136518	100
1977	18	5136618	5136718	100
1978	18	5136818	5136918	100
1979	18	5138618	5138818	200
1980	18	5139018	5139218	200
1981	18	5139318	5139418	100
1982	18	5139618	5139918	300
1983	18	5140318	5140718	400
1984	18	5141218	5141318	100
1985	18	5141518	5141718	200
1986	18	5142018	5142218	200
1987	18	5142318	5142518	200
1988	18	5142718	5142818	100
1989	18	5142918	5143318	400
1990	18	5145118	5145318	200
1991	18	5147918	5148018	100
1992	18	5148318	5148418	100
1993	18	5148918	5149018	100
1994	18	5149318	5149818	500
1995	18	5150118	5150218	100
1996	18	5151418	5151518	100
1997	18	5151618	5151718	100
1998	18	5151818	5152018	200
1999	18	5152718	5153018	300
2000	18	5154218	5154318	100
2001	18	5154618	5154818	200
2002	18	5155018	5155118	100
2003	18	5155518	5155718	200
2004	18	5156018	5156118	100
2005	18	5156318	5156418	100
2006	18	5157118	5157318	200
2007	18	5157418	5157818	400
2008	18	5158018	5158118	100
2009	18	5158218	5158318	100
2010	18	5158718	5158918	200
2011	18	5159118	5159218	100
2012	18	5159418	5159518	100
2013	18	5159718	5160318	600
2014	18	5160718	5160818	100
2015	18	5161218	5161418	200
2016	18	5162018	5162818	800
2017	18	5163118	5164018	900
2018	18	5164318	5164418	100
2019	18	5164518	5164618	100
2020	18	5165018	5165118	100
2021	18	5165318	5165518	200
2022	18	5165818	5165918	100
2023	18	5166018	5166118	100
2024	18	5166418	5166618	200
2025	18	5166818	5166918	100
2026	18	5167118	5167518	400
2027	18	5167618	5167718	100
2028	18	5167818	5167918	100
2029	18	5168118	5168218	100
2030	18	5168418	5168618	200
2031	18	5169818	5169918	100
2032	18	5172018	5172218	200
2033	18	5173818	5173918	100
2034	18	5178018	5178118	100
2035	18	5178218	5178418	200
2036	18	5178718	5178818	100
2037	18	5180218	5180418	200
2038	18	5180518	5180618	100
2039	18	5181018	5181218	200
2040	18	5182318	5182418	100
2041	18	5182818	5183018	200
2042	18	5184718	5184818	100
2043	18	5185618	5185718	100
2044	18	5186218	5186318	100
2045	18	5186418	5186518	100
2046	18	5186618	5186818	200
2047	18	5187418	5187518	100
2048	18	5188418	5188518	100
2049	18	5191018	5191118	100
2050	18	5192518	5192718	200
2051	18	5192818	5192918	100
2052	18	5193018	5193218	200
2053	18	5193318	5193418	100
2054	18	5193518	5193918	400
2055	18	5194218	5194318	100
2056	18	5194718	5194818	100
2057	18	5195618	5195918	300
2058	18	5196318	5196518	200
2059	18	5197018	5197218	200
2060	18	5197318	5197418	100
2061	18	5197718	5197818	100
2062	18	5198218	5198318	100
2063	18	5198418	5198518	100
2064	18	5198618	5198718	100
2065	18	5199218	5199518	300
2066	18	5199618	5199718	100
2067	18	5199818	5199918	100
2068	18	5200118	5200318	200
2069	18	5200418	5200518	100
2070	18	5201718	5201818	100
2071	18	5201918	5202118	200
2072	18	5202218	5202318	100
2073	18	5202418	5202818	400
2074	18	5203718	5203818	100
2075	18	5204118	5204218	100
2076	18	5206718	5206818	100
2077	18	5207018	5207118	100
2078	18	5207518	5207618	100
2079	18	5207818	5208018	200
2080	18	5208218	5208418	200
2081	18	5208718	5208918	200
2082	18	5209218	5209318	100
2083	18	5209818	5209918	100
2084	18	5210618	5210818	200
2085	18	5211018	5211118	100
2086	18	5211218	5211318	100
2087	18	5211418	5211518	100
2088	18	5211818	5211918	100
2089	18	5212018	5212118	100
2090	18	5212518	5212618	100
2091	18	5213518	5213818	300
2092	18	5213918	5214018	100
2093	18	5214218	5214718	500
2094	18	5215518	5215618	100
2095	18	5216818	5216918	100
2096	18	5217018	5217118	100
2097	18	5217918	5218018	100
2098	18	5218418	5218518	100
2099	18	5221318	5221418	100
2100	18	5223318	5223418	100
2101	18	5224118	5224218	100
2102	18	5224618	5224718	100
2103	18	5226818	5226918	100
2104	18	5227018	5227118	100
2105	18	5228018	5228118	100
2106	18	5228818	5229018	200
2107	18	5235418	5235518	100
2108	18	5236518	5236618	100
2109	18	5238318	5238418	100
2110	18	5243818	5243918	100
2111	18	5245018	5245118	100
2112	18	5245818	5245918	100
2113	18	5246418	5246518	100
2114	18	5247018	5247118	100
2115	18	5247718	5247818	100
2116	18	5248318	5248418	100
2117	18	5251118	5251218	100
2118	18	5253218	5253318	100
2119	18	5255718	5255818	100
2120	18	5255918	5256018	100
2121	18	5257618	5257718	100
2122	18	5258218	5258318	100
2123	18	5260218	5260318	100
2124	18	5262218	5262318	100
2125	18	5265318	5265818	500
2126	18	5270018	5270118	100
2127	18	5270218	5270318	100
2128	18	5270818	5270918	100
2129	18	5273818	5273918	100
2130	18	5274718	5274818	100
2131	18	5275718	5275818	100
2132	18	5276018	5276118	100
2133	18	5277218	5277318	100
2134	18	5278218	5278318	100
2135	18	5278718	5278818	100
2136	18	5278918	5279018	100
2137	18	5279918	5280018	100
2138	18	5281918	5282118	200
2139	18	5283518	5283618	100
2140	18	5284518	5284618	100
2141	18	5284818	5284918	100
2142	18	5285018	5285118	100
2143	18	5285218	5285318	100
2144	18	5288118	5288218	100
2145	18	5288318	5288418	100
2146	18	5289618	5289718	100
2147	18	5290018	5290118	100
2148	18	5291218	5291318	100
2149	18	5295418	5295518	100
2150	18	5298518	5298718	200
2151	18	5298918	5299018	100
2152	18	5299318	5299418	100
2153	18	5299818	5299918	100
2154	18	5300418	5300518	100
2155	18	5301018	5301118	100
2156	18	5306618	5306718	100
2157	18	5311518	5311618	100
2158	18	5312018	5312118	100
2159	18	5320218	5320318	100
2160	18	5323818	5323918	100
2161	18	5327018	5327118	100
2162	18	5327218	5327318	100
2163	18	5328718	5328818	100
2164	18	5332818	5332918	100
2165	18	5333918	5335118	1200
2166	18	5335218	5335318	100
2167	18	5336718	5336818	100
2168	18	5337318	5337418	100
2169	18	5340518	5340718	200
2170	18	5340818	5341118	300
2171	18	5341518	5341718	200
2172	18	5342618	5342718	100
2173	18	5342818	5342918	100
2174	18	5343018	5343218	200
2175	18	5343918	5344018	100
2176	18	5344218	5344318	100
2177	18	5344418	5344618	200
2178	18	5344718	5344818	100
2179	18	5344918	5345018	100
2180	18	5345218	5345318	100
2181	18	5347018	5347118	100
2182	18	5348918	5349018	100
2183	18	5349218	5349518	300
2184	18	5349618	5349818	200
2185	18	5350418	5350518	100
2186	18	5351018	5351118	100
2187	18	5351218	5351418	200
2188	18	5353318	5353418	100
2189	18	5353818	5353918	100
2190	18	5355218	5355318	100
2191	18	5359018	5359118	100
2192	18	5359218	5359318	100
2193	18	5359718	5359818	100
2194	18	5361218	5361318	100
2195	18	5362018	5362118	100
2196	18	5363818	5363918	100
2197	18	5364418	5364518	100
2198	18	5364918	5365118	200
2199	18	5365218	5365318	100
2200	18	5365418	5365518	100
2201	18	5366218	5366418	200
2202	18	5366718	5366818	100
2203	18	5367018	5367118	100
2204	18	5368218	5368418	200
2205	18	5368518	5368718	200
2206	18	5368918	5369018	100
2207	18	5369418	5369618	200
2208	18	5369718	5369818	100
2209	18	5371118	5371218	100
2210	18	5371418	5371518	100
2211	18	5371818	5371918	100
2212	18	5372018	5372118	100
2213	18	5372618	5372718	100
2214	18	5373018	5373118	100
2215	18	5373318	5373418	100
2216	18	5373618	5373718	100
2217	18	5374018	5374218	200
2218	18	5374418	5374518	100
2219	18	5374618	5374718	100
2220	18	5375018	5375118	100
2221	18	5376218	5376318	100
2222	18	5376518	5376618	100
2223	18	5377118	5377218	100
2224	18	5378918	5379018	100
2225	18	5380118	5380218	100
2226	18	5380618	5380918	300
2227	18	5381518	5381618	100
2228	18	5384418	5384518	100
2229	18	5387218	5387418	200
2230	18	5387518	5387618	100
2231	18	5388618	5388918	300
2232	18	5389418	5389518	100
2233	18	5390018	5390118	100
2234	18	5390218	5390418	200
2235	18	5390518	5390618	100
2236	18	5391118	5391318	200
2237	18	5392618	5392718	100
2238	18	5392918	5393018	100
2239	18	5393118	5393218	100
2240	18	5393318	5393418	100
2241	18	5394818	5394918	100
2242	18	5395918	5396018	100
2243	18	5396118	5396218	100
2244	18	5397218	5397318	100
2245	18	5397718	5397818	100
2246	18	5397918	5398118	200
2247	18	5398218	5398318	100
2248	18	5399118	5399318	200
2249	18	5399418	5399518	100
2250	18	5400118	5400518	400
2251	18	5400618	5400818	200
2252	18	5400918	5401018	100
2253	18	5401118	5401318	200
2254	18	5401918	5402618	700
2255	18	5402718	5402818	100
2256	18	5403918	5404018	100
2257	18	5404318	5404918	600
2258	18	5405918	5406018	100
2259	18	5409318	5409418	100
2260	18	5409618	5409718	100
2261	18	5410818	5410918	100
2262	18	5411018	5411118	100
2263	18	5412118	5412218	100
2264	18	5412918	5413018	100
2265	18	5413218	5413418	200
2266	18	5414118	5414218	100
2267	18	5414518	5414918	400
2268	18	5416518	5416718	200
2269	18	5416818	5416918	100
2270	18	5417918	5418018	100
2271	18	5418618	5418818	200
2272	18	5419118	5419218	100
2273	18	5419318	5419418	100
2274	18	5419918	5420018	100
2275	18	5420318	5420418	100
2276	18	5421018	5421218	200
2277	18	5421318	5421418	100
2278	18	5422718	5422818	100
2279	18	5423318	5423418	100
2280	18	5423518	5423718	200
2281	18	5424318	5424418	100
2282	18	5424518	5424618	100
2283	18	5425218	5425418	200
2284	18	5425718	5425818	100
2285	18	5425918	5426018	100
2286	18	5426118	5426218	100
2287	18	5426518	5426618	100
2288	18	5426718	5426818	100
2289	18	5426918	5427018	100
2290	18	5427618	5428218	600
2291	18	5428318	5428718	400
2292	18	5429018	5429318	300
2293	18	5429618	5429718	100
2294	18	5430818	5430918	100
2295	18	5431618	5431718	100
2296	18	5431818	5432118	300
2297	18	5432318	5432418	100
2298	18	5434818	5435018	200
2299	18	5438618	5438718	100
2300	18	5440818	5440918	100
2301	18	5441218	5441318	100
2302	18	5443118	5443218	100
2303	18	5444318	5444518	200
2304	18	5444618	5444718	100
2305	18	5445218	5445418	200
2306	18	5446418	5446518	100
2307	18	5446718	5446918	200
2308	18	5447318	5447518	200
2309	18	5447618	5447718	100
2310	18	5447818	5447918	100
2311	18	5449818	5450218	400
2312	18	5451018	5451118	100
2313	18	5451218	5451318	100
2314	18	5451518	5451618	100
2315	18	5451818	5452018	200
2316	18	5452118	5452218	100
2317	18	5452518	5452618	100
2318	18	5455018	5455118	100
2319	18	5455418	5455518	100
2320	18	5458118	5458218	100
2321	18	5459118	5459218	100
2322	18	5459718	5459818	100
2323	18	5461418	5461518	100
2324	18	5461818	5461918	100
2325	18	5462018	5462118	100
2326	18	5464418	5464518	100
2327	18	5465018	5465118	100
2328	18	5465218	5465318	100
2329	18	5465918	5466018	100
2330	18	5466118	5466218	100
2331	18	5466418	5466518	100
2332	18	5467618	5467718	100
2333	18	5471418	5471518	100
2334	18	5471618	5471818	200
2335	18	5472118	5472218	100
2336	18	5472318	5472418	100
2337	18	5476918	5477018	100
2338	18	5477718	5477818	100
2339	18	5477918	5478018	100
2340	18	5478118	5478218	100
2341	18	5478418	5478618	200
2342	18	5478718	5478818	100
2343	18	5480118	5480418	300
2344	18	5481418	5481518	100
2345	18	5482518	5483018	500
2346	18	5483118	5483318	200
2347	18	5483718	5483918	200
2348	18	5485118	5485218	100
2349	18	5487618	5487918	300
2350	18	5488018	5488218	200
2351	18	5488318	5488418	100
2352	18	5488518	5488618	100
2353	18	5489618	5489918	300
2354	18	5490018	5490218	200
2355	18	5490318	5490418	100
2356	18	5491618	5491718	100
2357	18	5491818	5491918	100
2358	18	5492818	5492918	100
2359	18	5493318	5493518	200
2360	18	5494018	5494118	100
2361	18	5495318	5495418	100
2362	18	5495618	5495718	100
2363	18	5495818	5495918	100
2364	18	5496218	5496718	500
2365	18	5497018	5497118	100
2366	18	5497818	5497918	100
2367	18	5502118	5502218	100
2368	18	5505218	5505518	300
2369	18	5506218	5506418	200
2370	18	5507518	5507818	300
2371	18	5509718	5509818	100
2372	18	5509918	5510018	100
2373	18	5510118	5510218	100
2374	18	5511218	5511318	100
2375	18	5513318	5513418	100
2376	18	5513918	5514018	100
2377	18	5514118	5514218	100
2378	18	5514718	5514818	100
2379	18	5514918	5515018	100
2380	18	5517218	5517318	100
2381	18	5517918	5518018	100
2382	18	5518718	5518818	100
2383	18	5519018	5519118	100
2384	18	5519718	5519818	100
2385	18	5520218	5520318	100
2386	18	5520618	5520818	200
2387	18	5522818	5523018	200
2388	18	5523118	5523218	100
2389	18	5523318	5523418	100
2390	18	5523918	5524018	100
2391	18	5525318	5525718	400
2392	18	5525818	5525918	100
2393	18	5526318	5526418	100
2394	18	5528818	5528918	100
2395	18	5529018	5529118	100
2396	18	5529218	5529318	100
2397	18	5533918	5534118	200
2398	18	5535818	5535918	100
2399	18	5536018	5536118	100
2400	18	5536418	5536518	100
2401	18	5536718	5536818	100
2402	18	5536918	5537018	100
2403	18	5537318	5537418	100
2404	18	5538418	5538518	100
2405	18	5538718	5538818	100
2406	18	5540918	5541018	100
2407	18	5542718	5543018	300
2408	18	5543918	5544018	100
2409	18	5544318	5544418	100
2410	18	5544518	5544618	100
2411	18	5544918	5545018	100
2412	18	5545118	5545218	100
2413	18	5545518	5545618	100
2414	18	5549318	5549418	100
2415	18	5560218	5560418	200
2416	18	5561918	5562018	100
2417	18	5562118	5562218	100
2418	18	5562318	5562418	100
2419	18	5563818	5563918	100
2420	18	5564018	5564118	100
2421	18	5564918	5565218	300
2422	18	5565918	5566018	100
2423	18	5566318	5566418	100
2424	18	5567118	5567218	100
2425	18	5567918	5568018	100
2426	18	5568418	5568518	100
2427	18	5569118	5569218	100
2428	18	5569518	5569618	100
2429	18	5570318	5570418	100
2430	18	5572218	5572318	100
2431	18	5572418	5572518	100
2432	18	5573918	5574018	100
2433	18	5574218	5574318	100
2434	18	5574418	5574618	200
2435	18	5575018	5575218	200
2436	18	5575318	5575418	100
2437	18	5581518	5581618	100
2438	18	5581718	5581818	100
2439	18	5582118	5582218	100
2440	18	5583018	5583118	100
2441	18	5583718	5583818	100
2442	18	5583918	5584218	300
2443	18	5585418	5585518	100
2444	18	5585618	5585718	100
2445	18	5585818	5585918	100
2446	18	5586618	5586718	100
2447	18	5587718	5587918	200
2448	18	5588218	5588318	100
2449	18	5590218	5590318	100
2450	18	5591018	5591718	700
2451	18	5592618	5592818	200
2452	18	5593118	5593318	200
2453	18	5593418	5593518	100
2454	18	5593818	5593918	100
2455	18	5594218	5594518	300
2456	18	5597218	5597418	200
2457	18	5597818	5597918	100
2458	18	5598618	5598718	100
2459	18	5599218	5599318	100
2460	18	5599818	5599918	100
2461	18	5600418	5600518	100
2462	18	5602218	5602318	100
2463	18	5603218	5603318	100
2464	18	5603718	5604018	300
2465	18	5605618	5605718	100
2466	18	5605818	5605918	100
2467	18	5607018	5607118	100
2468	18	5607918	5608018	100
2469	18	5608918	5609118	200
2470	18	5609818	5610018	200
2471	18	5610118	5610718	600
2472	18	5612918	5613118	200
2473	18	5613218	5613318	100
2474	18	5613618	5613718	100
2475	18	5617718	5617818	100
2476	18	5618618	5618718	100
2477	18	5619418	5619518	100
2478	18	5619718	5619818	100
2479	18	5619918	5620018	100
2480	18	5620118	5620218	100
2481	18	5622118	5622318	200
2482	18	5622418	5622518	100
2483	18	5625418	5625518	100
2484	18	5628218	5628418	200
2485	18	5633218	5633318	100
2486	18	5636518	5636718	200
2487	18	5636918	5637018	100
2488	18	5637118	5637218	100
2489	18	5638318	5638418	100
2490	18	5641518	5641618	100
2491	18	5645218	5645318	100
2492	18	5645618	5645718	100
2493	18	5646718	5646818	100
2494	18	5648218	5648318	100
2495	18	5650718	5650918	200
2496	18	5652018	5652118	100
2497	18	5652818	5653018	200
2498	18	5653718	5653818	100
2499	18	5656018	5656218	200
2500	18	5660818	5660918	100
2501	18	5663518	5663618	100
2502	18	5664118	5664218	100
2503	18	5664318	5664418	100
2504	18	5664518	5664618	100
2505	18	5665618	5665818	200
2506	18	5666318	5666418	100
2507	18	5668318	5668418	100
2508	18	5673918	5674018	100
2509	18	5674118	5674218	100
2510	18	5674518	5674618	100
2511	18	5674918	5675018	100
2512	18	5677718	5677818	100
2513	18	5680218	5680318	100
2514	18	5680718	5680818	100
2515	18	5681618	5682118	500
2516	18	5682518	5682618	100
2517	18	5682718	5682818	100
2518	18	5683418	5683618	200
2519	18	5684518	5684618	100
2520	18	5684918	5685018	100
2521	18	5687118	5687218	100
2522	18	5687318	5687418	100
2523	18	5687518	5687618	100
2524	18	5687918	5688018	100
2525	18	5688118	5688218	100
2526	18	5689618	5689818	200
2527	18	5691018	5691218	200
2528	18	5693518	5693718	200
2529	18	5693918	5694218	300
2530	18	5694418	5694518	100
2531	18	5695018	5695118	100
2532	18	5695718	5695918	200
2533	18	5696118	5696218	100
2534	18	5697018	5697118	100
2535	18	5698118	5698218	100
2536	18	5699018	5699218	200
2537	18	5699418	5699518	100
2538	18	5699618	5699718	100
2539	18	5699918	5700018	100
2540	18	5701418	5701518	100
2541	18	5702318	5702418	100
2542	18	5703118	5703418	300
2543	18	5708918	5709018	100
2544	18	5711618	5711818	200
2545	18	5712018	5712518	500
2546	18	5712618	5712718	100
2547	18	5714118	5714218	100
2548	18	5715618	5715718	100
2549	18	5716418	5716518	100
2550	18	5716618	5716718	100
2551	18	5720318	5720518	200
2552	18	5722918	5723018	100
2553	18	5723318	5723418	100
2554	18	5723618	5723718	100
2555	18	5724418	5724518	100
2556	18	5736518	5736618	100
2557	18	5738018	5738118	100
2558	18	5738618	5738718	100
2559	18	5740918	5741018	100
2560	18	5741318	5741418	100
2561	18	5741518	5741618	100
2562	18	5742918	5743018	100
2563	18	5743318	5743418	100
2564	18	5744818	5745118	300
2565	18	5745618	5745718	100
2566	18	5746218	5746318	100
2567	18	5747218	5747418	200
2568	18	5747618	5747718	100
2569	18	5748718	5749118	400
2570	18	5749818	5749918	100
2571	18	5750018	5750118	100
2572	18	5750418	5750518	100
2573	18	5759018	5759518	500
2574	18	5759618	5759718	100
2575	18	5760118	5760318	200
2576	18	5760518	5760718	200
2577	18	5761118	5761218	100
2578	18	5762118	5762218	100
2579	18	5763018	5763218	200
2580	18	5763318	5763418	100
2581	18	5763718	5763818	100
2582	18	5764418	5764518	100
2583	18	5764618	5764818	200
2584	18	5765118	5765418	300
2585	18	5765718	5765818	100
2586	18	5766318	5766418	100
2587	18	5766518	5766818	300
2588	18	5766918	5767518	600
2589	18	5767918	5768018	100
2590	18	5768118	5768218	100
2591	18	5770018	5770218	200
2592	18	5770618	5770718	100
2593	18	5771018	5771118	100
2594	18	5771318	5771418	100
2595	18	5771618	5771718	100
2596	18	5771918	5772218	300
2597	18	5772418	5772718	300
2598	18	5772918	5773018	100
2599	18	5773118	5773218	100
2600	18	5773318	5773418	100
2601	18	5773518	5773618	100
2602	18	5773818	5774018	200
2603	18	5779918	5780018	100
2604	18	5780718	5780918	200
2605	18	5781918	5782018	100
2606	18	5784218	5784418	200
2607	18	5785018	5785518	500
2608	18	5786018	5786118	100
2609	18	5786718	5786918	200
2610	18	5788218	5788318	100
2611	18	5791118	5791218	100
2612	18	5801218	5801418	200
2613	18	5801518	5801618	100
2614	18	5801718	5801818	100
2615	18	5803018	5803118	100
2616	18	5803218	5803418	200
2617	18	5804118	5804218	100
2618	18	5805518	5805818	300
2619	18	5805918	5806318	400
2620	18	5806518	5806618	100
2621	18	5806718	5806818	100
2622	18	5807218	5807418	200
2623	18	5807618	5807718	100
2624	18	5808918	5809018	100
2625	18	5809118	5809518	400
2626	18	5809618	5809718	100
2627	18	5810718	5810818	100
2628	18	5811518	5811718	200
2629	18	5812118	5812218	100
2630	18	5812918	5813018	100
2631	18	5813318	5813418	100
2632	18	5814218	5814318	100
2633	18	5814718	5814818	100
2634	18	5815118	5815218	100
2635	18	5815718	5815918	200
2636	18	5816418	5816518	100
2637	18	5816918	5817018	100
2638	18	5817118	5817418	300
2639	18	5817718	5817818	100
2640	18	5817918	5818118	200
2641	18	5818918	5819418	500
2642	18	5819718	5820218	500
2643	18	5820318	5820518	200
2644	18	5820618	5820818	200
2645	18	5821018	5821118	100
2646	18	5821218	5821518	300
2647	18	5822918	5823218	300
2648	18	5824318	5824418	100
2649	18	5824718	5824818	100
2650	18	5827218	5827318	100
2651	18	5827718	5827818	100
2652	18	5829418	5829518	100
2653	18	5829718	5830218	500
2654	18	5831318	5831518	200
2655	18	5831818	5832118	300
2656	18	5832218	5832318	100
2657	18	5832418	5832518	100
2658	18	5832818	5832918	100
2659	18	5833218	5833418	200
2660	18	5833718	5833918	200
2661	18	5834518	5834618	100
2662	18	5834718	5834818	100
2663	18	5834918	5835018	100
2664	18	5835418	5835618	200
2665	18	5835918	5836018	100
2666	18	5837818	5838318	500
2667	18	5838418	5838518	100
2668	18	5838718	5838818	100
2669	18	5839818	5839918	100
2670	18	5840018	5840218	200
2671	18	5842418	5842618	200
2672	18	5843618	5843718	100
2673	18	5844818	5844918	100
2674	18	5845018	5845118	100
2675	18	5845318	5845418	100
2676	18	5852818	5852918	100
2677	18	5853118	5853218	100
2678	18	5853318	5853418	100
2679	18	5853718	5853818	100
2680	18	5854318	5854418	100
2681	18	5855118	5855218	100
2682	18	5856518	5856718	200
2683	18	5857518	5857618	100
2684	18	5857718	5857818	100
2685	18	5858518	5858618	100
2686	18	5858718	5858818	100
2687	18	5859118	5859218	100
2688	18	5859718	5859818	100
2689	18	5859918	5860118	200
2690	18	5860718	5860818	100
2691	18	5862218	5862318	100
2692	18	5863318	5863518	200
2693	18	5863818	5863918	100
2694	18	5864018	5864118	100
2695	18	5878718	5878818	100
2696	18	5879618	5879718	100
2697	18	5879818	5880118	300
2698	18	5880218	5880318	100
2699	18	5881318	5881518	200
2700	18	5881718	5881818	100
2701	18	5881918	5882018	100
2702	18	5883718	5883818	100
2703	18	5884418	5884918	500
2704	18	5885018	5885118	100
2705	18	5885218	5885418	200
2706	18	5886218	5886518	300
2707	18	5886818	5886918	100
2708	18	5887518	5887718	200
2709	18	5887818	5888018	200
2710	18	5888818	5888918	100
2711	18	5889718	5889818	100
2712	18	5889918	5890018	100
2713	18	5890918	5891018	100
2714	18	5891218	5891418	200
2715	18	5891818	5891918	100
2716	18	5892518	5892618	100
2717	18	5892818	5893018	200
2718	18	5893318	5893418	100
2719	18	5894218	5894318	100
2720	18	5900518	5900918	400
2721	18	5901018	5901118	100
2722	18	5901718	5901818	100
2723	18	5901918	5902018	100
2724	18	5902118	5902218	100
2725	18	5902318	5902418	100
2726	18	5902518	5902618	100
2727	18	5904118	5904218	100
2728	18	5906918	5907018	100
2729	18	5907218	5907318	100
2730	18	5908018	5908218	200
2731	18	5909218	5909318	100
2732	18	5909718	5909818	100
2733	18	5909918	5910018	100
2734	18	5910118	5910318	200
2735	18	5910618	5910718	100
2736	18	5911118	5911218	100
2737	18	5911418	5911518	100
2738	18	5911618	5912518	900
2739	18	5913818	5913918	100
2740	18	5914018	5914118	100
2741	18	5914718	5914818	100
2742	18	5915118	5915218	100
2743	18	5915518	5915618	100
2744	18	5916118	5916218	100
2745	18	5916918	5917018	100
2746	18	5917318	5917418	100
2747	18	5918618	5918718	100
2748	18	5918918	5919018	100
2749	18	5919618	5919718	100
2750	18	5919918	5920018	100
2751	18	5920118	5920218	100
2752	18	5921118	5921218	100
2753	18	5928218	5928318	100
2754	18	5929318	5929518	200
2755	18	5929918	5930018	100
2756	18	5930218	5930518	300
2757	18	5930618	5930818	200
2758	18	5931918	5932018	100
2759	18	5932118	5932518	400
2760	18	5932618	5932718	100
2761	18	5932818	5932918	100
2762	18	5933718	5933818	100
2763	18	5934518	5934718	200
2764	18	5939318	5939418	100
2765	18	5939518	5939618	100
2766	18	5940218	5940518	300
2767	18	5941418	5941518	100
2768	18	5941618	5941818	200
2769	18	5941918	5942018	100
2770	18	5942718	5942818	100
2771	18	5944718	5944818	100
2772	18	5945018	5945118	100
2773	18	5945218	5945618	400
2774	18	5945718	5945818	100
2775	18	5946118	5946318	200
2776	18	5946418	5946518	100
2777	18	5952018	5952118	100
2778	18	5952218	5952418	200
2779	18	5952918	5953118	200
2780	18	5953218	5953318	100
2781	18	5955518	5955718	200
2782	18	5957418	5957518	100
2783	18	5958018	5958118	100
2784	18	5958618	5958718	100
2785	18	5959718	5959818	100
2786	18	5959918	5960018	100
2787	18	5963818	5963918	100
2788	18	5964918	5965118	200
2789	18	5965418	5965518	100
2790	18	5965718	5965818	100
2791	18	5967418	5967518	100
2792	18	5969918	5970118	200
2793	18	5970318	5970418	100
2794	18	5970618	5970718	100
2795	18	5970818	5970918	100
2796	18	5971018	5971118	100
2797	18	5971718	5971918	200
2798	18	5972118	5972218	100
2799	18	5972518	5972618	100
2800	18	5972718	5972818	100
2801	18	5973318	5973418	100
2802	18	5973818	5973918	100
2803	18	5974118	5974318	200
2804	18	5974618	5974818	200
2805	18	5975118	5975218	100
2806	18	5975418	5975818	400
2807	18	5976718	5976818	100
2808	18	5977818	5977918	100
2809	18	5978418	5978918	500
2810	18	5979018	5979118	100
2811	18	5979218	5979418	200
2812	18	5979618	5979718	100
2813	18	5980318	5980418	100
2814	18	5980518	5980618	100
2815	18	5980818	5981118	300
2816	18	5981218	5981318	100
2817	18	5981618	5981718	100
2818	18	5982418	5982518	100
2819	18	5982718	5982818	100
2820	18	5983018	5983118	100
2821	18	5983218	5983418	200
2822	18	5983718	5983918	200
2823	18	5984718	5984918	200
2824	18	5985118	5985218	100
2825	18	5985318	5985518	200
2826	18	5985918	5986018	100
2827	18	5986318	5986418	100
2828	18	5986618	5986818	200
2829	18	5986918	5987018	100
2830	18	5987118	5987618	500
2831	18	5987718	5987818	100
2832	18	5987918	5988018	100
2833	18	5988318	5988418	100
2834	18	5988818	5988918	100
2835	18	5989318	5989418	100
2836	18	5989518	5990518	1000
2837	18	5990718	5990818	100
2838	18	5991918	5992018	100
2839	18	5992218	5992318	100
2840	18	5992718	5992818	100
2841	18	5993418	5993518	100
2842	18	5994318	5994418	100
2843	18	5999818	5999918	100
2844	18	6000318	6000518	200
2845	18	6000618	6001018	400
2846	18	6001818	6001918	100
2847	18	6002018	6002118	100
2848	18	6003818	6004018	200
2849	18	6004318	6004418	100
2850	18	6004818	6004918	100
2851	18	6005018	6005318	300
2852	18	6006018	6006118	100
2853	18	6007718	6007818	100
2854	18	6008518	6008618	100
2855	18	6009818	6010018	200
2856	18	6010618	6010718	100
2857	18	6011418	6011518	100
2858	18	6012218	6012318	100
2859	18	6012818	6013018	200
2860	18	6013218	6013518	300
2861	18	6013618	6013718	100
2862	18	6014018	6014118	100
2863	18	6014418	6014518	100
2864	18	6015218	6015418	200
2865	18	6017318	6017418	100
2866	18	6018318	6018418	100
2867	18	6021618	6021718	100
2868	18	6022318	6022418	100
2869	18	6022818	6023018	200
2870	18	6024718	6024818	100
2871	18	6026418	6026518	100
2872	18	6027118	6027218	100
2873	18	6028118	6028218	100
2874	18	6028318	6028418	100
2875	18	6028718	6028818	100
2876	18	6028918	6029018	100
2877	18	6029318	6029418	100
2878	18	6029618	6029718	100
2879	18	6032818	6032918	100
2880	18	6034018	6034118	100
2881	18	6034518	6034618	100
2882	18	6037218	6037318	100
2883	18	6038818	6038918	100
2884	18	6042418	6042518	100
2885	18	6043118	6043218	100
2886	18	6046918	6047018	100
2887	18	6048718	6048818	100
2888	18	6051418	6051618	200
2889	18	6052518	6052618	100
2890	18	6055218	6055318	100
2891	18	6055718	6055918	200
2892	18	6056518	6056618	100
2893	18	6056718	6057018	300
2894	18	6057118	6057218	100
2895	18	6058718	6058818	100
2896	18	6061218	6061318	100
2897	18	6061418	6061618	200
2898	18	6062018	6062118	100
2899	18	6065718	6065818	100
2900	18	6066318	6066418	100
2901	18	6067418	6067518	100
2902	18	6067618	6067718	100
2903	18	6067818	6067918	100
2904	18	6068818	6068918	100
2905	18	6069018	6069218	200
2906	18	6069418	6069618	200
2907	18	6069818	6069918	100
2908	18	6073018	6073118	100
2909	18	6073418	6073518	100
2910	18	6073618	6073718	100
2911	18	6074018	6074118	100
2912	18	6075218	6075318	100
2913	18	6076018	6076318	300
2914	18	6076918	6077018	100
2915	18	6077118	6077218	100
2916	18	6078318	6078418	100
2917	18	6080218	6080318	100
2918	18	6080518	6080618	100
2919	18	6082518	6082818	300
2920	18	6085418	6085518	100
2921	18	6086118	6086218	100
2922	18	6086518	6086618	100
2923	18	6087618	6087718	100
2924	18	6092418	6092618	200
2925	18	6093818	6093918	100
2926	18	6096018	6096118	100
2927	18	6096718	6096818	100
2928	18	6097418	6097518	100
2929	18	6097718	6097818	100
2930	18	6098318	6098418	100
2931	18	6099618	6099718	100
2932	18	6100618	6100718	100
2933	18	6102018	6102218	200
2934	18	6102918	6103018	100
2935	18	6104518	6104718	200
2936	18	6109718	6109818	100
2937	18	6111618	6111718	100
2938	18	6111918	6112018	100
2939	18	6112118	6112218	100
2940	18	6113218	6113318	100
2941	18	6113718	6113818	100
2942	18	6113918	6114118	200
2943	18	6114218	6114318	100
2944	18	6116318	6116418	100
2945	18	6116918	6117018	100
2946	18	6117118	6117318	200
2947	18	6117618	6117718	100
2948	18	6119718	6119818	100
2949	18	6121318	6121418	100
2950	18	6127418	6127518	100
2951	18	6129018	6129118	100
2952	18	6129318	6129418	100
2953	18	6129518	6129718	200
2954	18	6129818	6129918	100
2955	18	6130818	6130918	100
2956	18	6131918	6132018	100
2957	18	6132218	6132318	100
2958	18	6134618	6134718	100
2959	18	6134818	6135018	200
2960	18	6135118	6135218	100
2961	18	6135318	6136818	1500
2962	18	6139318	6139418	100
2963	18	6139518	6139618	100
2964	18	6141418	6141518	100
2965	18	6143618	6143818	200
2966	18	6144418	6144518	100
2967	18	6144918	6145218	300
2968	18	6145518	6145718	200
2969	18	6146418	6146518	100
2970	18	6147318	6147418	100
2971	18	6148618	6148818	200
2972	18	6150718	6150918	200
2973	18	6151718	6151818	100
2974	18	6152018	6152218	200
2975	18	6153418	6153518	100
2976	18	6153718	6153818	100
2977	18	6154218	6154318	100
2978	18	6156418	6156518	100
2979	18	6159318	6159418	100
2980	18	6159818	6159918	100
2981	18	6161718	6161818	100
2982	18	6162018	6162118	100
2983	18	6162418	6162518	100
2984	18	6162818	6162918	100
2985	18	6163818	6163918	100
2986	18	6164918	6165018	100
2987	18	6165418	6165518	100
2988	18	6165918	6166118	200
2989	18	6166518	6166618	100
2990	18	6168118	6168218	100
2991	18	6169018	6169118	100
2992	18	6170818	6170918	100
2993	18	6174518	6174718	200
2994	18	6174818	6174918	100
2995	18	6175718	6175818	100
2996	18	6177418	6177518	100
2997	18	6178518	6178718	200
2998	18	6179018	6179118	100
2999	18	6179818	6179918	100
3000	18	6180118	6180218	100
3001	18	6180718	6180918	200
3002	18	6181018	6181118	100
3003	18	6181718	6181918	200
3004	18	6182018	6182118	100
3005	18	6182218	6182318	100
3006	18	6183018	6183118	100
3007	18	6183218	6183418	200
3008	18	6183818	6183918	100
3009	18	6184218	6184318	100
3010	18	6184818	6184918	100
3011	18	6185618	6185718	100
3012	18	6186318	6186418	100
3013	18	6187418	6187518	100
3014	18	6187918	6188118	200
3015	18	6188318	6188718	400
3016	18	6188818	6189118	300
3017	18	6189218	6189318	100
3018	18	6190018	6190118	100
3019	18	6190218	6190318	100
3020	18	6190418	6190518	100
3021	18	6190618	6190718	100
3022	18	6191718	6191818	100
3023	18	6192018	6192118	100
3024	18	6192218	6192318	100
3025	18	6192518	6192718	200
3026	18	6193818	6193918	100
3027	18	6194218	6194318	100
3028	18	6194418	6194618	200
3029	18	6194818	6194918	100
3030	18	6195618	6195718	100
3031	18	6195918	6196018	100
3032	18	6200618	6200718	100
3033	18	6203118	6203218	100
3034	18	6204418	6204518	100
3035	18	6204818	6204918	100
3036	18	6205418	6205618	200
3037	18	6205918	6206018	100
3038	18	6206218	6206518	300
3039	18	6206918	6207018	100
3040	18	6207218	6207418	200
3041	18	6208218	6208418	200
3042	18	6209118	6209218	100
3043	18	6209518	6209718	200
3044	18	6210418	6210518	100
3045	18	6210618	6211018	400
3046	18	6212518	6212618	100
3047	18	6212718	6212818	100
3048	18	6213918	6214018	100
3049	18	6214718	6214818	100
3050	18	6214918	6215018	100
3051	18	6215118	6215318	200
3052	18	6215518	6215818	300
3053	18	6217018	6217118	100
3054	18	6217418	6217518	100
3055	18	6218618	6218718	100
3056	18	6219318	6219418	100
3057	18	6221518	6221618	100
3058	18	6221718	6221818	100
3059	18	6228018	6228218	200
3060	18	6228418	6228518	100
3061	18	6229318	6229418	100
3062	18	6230018	6230118	100
3063	18	6230818	6230918	100
3064	18	6232118	6232318	200
3065	18	6233318	6233418	100
3066	18	6234918	6235018	100
3067	18	6235618	6235718	100
3068	18	6237118	6237218	100
3069	18	6237518	6237618	100
3070	18	6238018	6238118	100
3071	18	6239418	6239518	100
3072	18	6239618	6239718	100
3073	18	6240618	6241718	1100
3074	18	6242218	6242318	100
3075	18	6242418	6242518	100
3076	18	6242718	6242818	100
3077	18	6243118	6243318	200
3078	18	6244418	6244518	100
3079	18	6244718	6244818	100
3080	18	6250418	6250618	200
3081	18	6268218	6268318	100
3082	18	6268918	6269018	100
3083	18	6269718	6269818	100
3084	18	6270218	6270318	100
3085	18	6270818	6270918	100
3086	18	6273018	6273118	100
3087	18	6274218	6274318	100
3088	18	6275018	6275118	100
3089	18	6275518	6276018	500
3090	18	6276318	6276418	100
3091	18	6276518	6276818	300
3092	18	6277218	6277418	200
3093	18	6279818	6279918	100
3094	18	6280118	6280218	100
3095	18	6280418	6280518	100
3096	18	6280618	6281118	500
3097	18	6281318	6281418	100
3098	18	6281518	6281718	200
3099	18	6281818	6281918	100
3100	18	6282218	6282318	100
3101	18	6282418	6282518	100
3102	18	6282818	6282918	100
3103	18	6283218	6283318	100
3104	18	6284018	6284118	100
3105	18	6284218	6284318	100
3106	18	6284918	6285018	100
3107	18	6285718	6285918	200
3108	18	6286018	6286318	300
3109	18	6286418	6286718	300
3110	18	6287218	6287418	200
3111	18	6288318	6288518	200
3112	18	6288818	6288918	100
3113	18	6289018	6289118	100
3114	18	6289218	6289318	100
3115	18	6289918	6290018	100
3116	18	6290118	6290218	100
3117	18	6291718	6291818	100
3118	18	6292718	6292918	200
3119	18	6293218	6293318	100
3120	18	6295218	6295418	200
3121	18	6299118	6299218	100
3122	18	6299418	6299518	100
3123	18	6299618	6299718	100
3124	18	6300918	6301018	100
3125	18	6301118	6301218	100
3126	18	6301318	6301518	200
3127	18	6301718	6301818	100
3128	18	6301918	6302018	100
3129	18	6302318	6302418	100
3130	18	6302518	6302618	100
3131	18	6303518	6303618	100
3132	18	6303718	6303818	100
3133	18	6306018	6306118	100
3134	18	6308218	6308318	100
3135	18	6308418	6308818	400
3136	18	6309118	6309318	200
3137	18	6309818	6310018	200
3138	18	6310418	6310518	100
3139	18	6311918	6312018	100
3140	18	6312118	6312218	100
3141	18	6312718	6312818	100
3142	18	6313118	6313418	300
3143	18	6313718	6313818	100
3144	18	6317818	6317918	100
3145	18	6319318	6319418	100
3146	18	6321418	6321518	100
3147	18	6321718	6321818	100
3148	18	6324418	6324518	100
3149	18	6325318	6325518	200
3150	18	6327218	6327318	100
3151	18	6327518	6327718	200
3152	18	6330518	6330618	100
3153	18	6337918	6338018	100
3154	18	6338918	6339018	100
3155	18	6340418	6340518	100
3156	18	6359118	6359218	100
3157	18	6359318	6359418	100
3158	18	6361418	6361518	100
3159	18	6362118	6362218	100
3160	18	6364918	6365218	300
3161	18	6370818	6370918	100
3162	18	6371718	6371918	200
3163	18	6377118	6377218	100
3164	18	6377618	6377818	200
3165	18	6378518	6378618	100
3166	18	6379018	6379118	100
3167	18	6383718	6383918	200
3168	18	6384018	6384118	100
3169	18	6384218	6384318	100
3170	18	6384718	6384818	100
3171	18	6387418	6387618	200
3172	18	6387818	6388018	200
3173	18	6389118	6389218	100
3174	18	6390018	6390318	300
3175	18	6390718	6390818	100
3176	18	6391918	6392018	100
3177	18	6393018	6393118	100
3178	18	6394418	6394518	100
3179	18	6395218	6395418	200
3180	18	6400318	6400418	100
3181	18	6405418	6405618	200
3182	18	6405718	6405818	100
3183	18	6405918	6406018	100
3184	18	6406818	6406918	100
3185	18	6407018	6407118	100
3186	18	6407718	6407818	100
3187	18	6407918	6408018	100
3188	18	6408818	6408918	100
3189	18	6409418	6409518	100
3190	18	6410918	6411018	100
3191	18	6411118	6411418	300
3192	18	6411618	6411718	100
3193	18	6412318	6412418	100
3194	18	6414618	6414718	100
3195	18	6415018	6415118	100
3196	18	6415318	6415418	100
3197	18	6415518	6415618	100
3198	18	6415918	6416018	100
3199	18	6417718	6417818	100
3200	18	6419118	6419218	100
3201	18	6419518	6419818	300
3202	18	6420018	6420118	100
3203	18	6420218	6420318	100
3204	18	6420418	6420618	200
3205	18	6421418	6421718	300
3206	18	6421918	6422018	100
3207	18	6422518	6422618	100
3208	18	6429118	6429418	300
3209	18	6429518	6429618	100
3210	18	6430018	6430118	100
3211	18	6430218	6430318	100
3212	18	6431518	6431718	200
3213	18	6431818	6431918	100
3214	18	6432718	6432918	200
3215	18	6433518	6433618	100
3216	18	6434218	6434518	300
3217	18	6434618	6434718	100
3218	18	6435018	6435218	200
3219	18	6435418	6435718	300
3220	18	6436418	6436518	100
3221	18	6437118	6437218	100
3222	18	6437718	6437818	100
3223	18	6437918	6438218	300
3224	18	6439618	6439718	100
3225	18	6439918	6440318	400
3226	18	6440718	6440818	100
3227	18	6441118	6441318	200
3228	18	6442418	6442518	100
3229	18	6443318	6443418	100
3230	18	6444218	6444318	100
3231	18	6444718	6444918	200
3232	18	6445118	6445218	100
3233	18	6445718	6445818	100
3234	18	6446118	6446218	100
3235	18	6446318	6446518	200
3236	18	6447318	6447418	100
3237	18	6447818	6447918	100
3238	18	6448018	6448118	100
3239	18	6448218	6448318	100
3240	18	6448918	6449018	100
3241	18	6449318	6449718	400
3242	18	6450118	6450218	100
3243	18	6450318	6450418	100
3244	18	6450518	6450718	200
3245	18	6450818	6450918	100
3246	18	6451818	6452018	200
3247	18	6452218	6452318	100
3248	18	6452818	6453018	200
3249	18	6453518	6453618	100
3250	18	6454418	6454518	100
3251	18	6454618	6454718	100
3252	18	6454918	6455018	100
3253	18	6455318	6455418	100
3254	18	6456518	6456618	100
3255	18	6456918	6457118	200
3256	18	6457318	6457418	100
3257	18	6457518	6457618	100
3258	18	6457718	6457818	100
3259	18	6458118	6458218	100
3260	18	6458518	6458618	100
3261	18	6459318	6459418	100
3262	18	6459618	6459718	100
3263	18	6460818	6460918	100
3264	18	6462218	6462318	100
3265	18	6463118	6463218	100
3266	18	6464618	6464718	100
3267	18	6464818	6465418	600
3268	18	6465518	6465718	200
3269	18	6465818	6466018	200
3270	18	6466218	6466318	100
3271	18	6466518	6466618	100
3272	18	6467418	6467518	100
3273	18	6467818	6468018	200
3274	18	6468318	6468418	100
3275	18	6469118	6469218	100
3276	18	6471318	6471518	200
3277	18	6472118	6472418	300
3278	18	6472818	6472918	100
3279	18	6473618	6473718	100
3280	18	6474018	6474118	100
3281	18	6474418	6474518	100
3282	18	6475118	6475218	100
3283	18	6475318	6475418	100
3284	18	6476218	6476518	300
3285	18	6477218	6477318	100
3286	18	6477418	6477518	100
3287	18	6478118	6478218	100
3288	18	6478618	6478818	200
3289	18	6479018	6479118	100
3290	18	6480018	6480318	300
3291	18	6481218	6481418	200
3292	18	6481518	6482018	500
3293	18	6482118	6482318	200
3294	18	6482518	6482618	100
3295	18	6483618	6483718	100
3296	18	6485118	6485218	100
3297	18	6489018	6489118	100
3298	18	6489418	6489518	100
3299	18	6489718	6490218	500
3300	18	6490418	6490918	500
3301	18	6491018	6491318	300
3302	18	6492018	6492418	400
3303	18	6492518	6492618	100
3304	18	6492718	6492918	200
3305	18	6493018	6493218	200
3306	18	6493418	6493518	100
3307	18	6494018	6494218	200
3308	18	6496318	6496418	100
3309	18	6496518	6496618	100
3310	18	6496718	6497218	500
3311	18	6497318	6497418	100
3312	18	6497518	6497618	100
3313	18	6497818	6497918	100
3314	18	6499318	6499418	100
3315	18	6500218	6500318	100
3316	18	6500518	6500818	300
3317	18	6501218	6501518	300
3318	18	6501618	6501818	200
3319	18	6503418	6503518	100
3320	18	6504118	6504318	200
3321	18	6504618	6504718	100
3322	18	6504818	6505018	200
3323	18	6505218	6505318	100
3324	18	6505418	6505618	200
3325	18	6505818	6505918	100
3326	18	6506018	6506118	100
3327	18	6506318	6506418	100
3328	18	6506818	6507018	200
3329	18	6507118	6507218	100
3330	18	6507418	6507518	100
3331	18	6507618	6507718	100
3332	18	6510318	6510418	100
3333	18	6510518	6510718	200
3334	18	6511718	6511818	100
3335	18	6512018	6512118	100
3336	18	6512218	6512318	100
3337	18	6512418	6512518	100
3338	18	6512718	6512818	100
3339	18	6515318	6515418	100
3340	18	6515818	6515918	100
3341	18	6516018	6516718	700
3342	18	6517218	6517318	100
3343	18	6519818	6520018	200
3344	18	6520518	6520618	100
3345	18	6521318	6521418	100
3346	18	6524818	6524918	100
3347	18	6525518	6525618	100
3348	18	6526318	6526418	100
3349	18	6526918	6527018	100
3350	18	6527118	6527218	100
3351	18	6528018	6528118	100
3352	18	6531418	6531518	100
3353	18	6531818	6531918	100
3354	18	6532718	6532818	100
3355	18	6534618	6534818	200
3356	18	6534918	6535018	100
3357	18	6535318	6535418	100
3358	18	6538318	6538418	100
3359	18	6539518	6539618	100
3360	18	6539718	6540018	300
3361	18	6540318	6540418	100
3362	18	6546518	6546618	100
3363	18	6547618	6547718	100
3364	18	6549218	6549418	200
3365	18	6549918	6550018	100
3366	18	6553618	6553918	300
3367	18	6554018	6554118	100
3368	18	6554218	6554318	100
3369	18	6554918	6555018	100
3370	18	6556418	6556518	100
3371	18	6556618	6556818	200
3372	18	6557018	6557118	100
3373	18	6557418	6557518	100
3374	18	6559618	6559718	100
3375	18	6562018	6562318	300
3376	18	6564618	6564718	100
3377	18	6566218	6566318	100
3378	18	6568718	6568818	100
3379	18	6569118	6569218	100
3380	18	6570118	6570218	100
3381	18	6573918	6574418	500
3382	18	6574818	6575018	200
3383	18	6578218	6578318	100
3384	18	6579118	6579218	100
3385	18	6579318	6579518	200
3386	18	6579618	6579718	100
3387	18	6583418	6583618	200
3388	18	6584018	6584218	200
3389	18	6584518	6584618	100
3390	18	6584718	6584818	100
3391	18	6586418	6586518	100
3392	18	6588518	6588618	100
3393	18	6589318	6589418	100
3394	18	6594418	6594518	100
3395	18	6594618	6595118	500
3396	18	6595218	6595318	100
3397	18	6596218	6596318	100
3398	18	6596418	6596518	100
3399	18	6596818	6597018	200
3400	18	6597618	6597718	100
3401	18	6598318	6598418	100
3402	18	6598718	6598818	100
3403	18	6599118	6599218	100
3404	18	6599318	6599418	100
3405	18	6600118	6600218	100
3406	18	6600618	6600718	100
3407	18	6603318	6603418	100
3408	18	6605518	6605618	100
3409	18	6609618	6609718	100
3410	18	6609818	6609918	100
3411	18	6612418	6612518	100
3412	18	6614918	6615118	200
3413	18	6616018	6616118	100
3414	18	6616218	6616318	100
3415	18	6616718	6616818	100
3416	18	6617718	6617818	100
3417	18	6618618	6618718	100
3418	18	6618818	6618918	100
3419	18	6621018	6621118	100
3420	18	6622018	6622218	200
3421	18	6622418	6622818	400
3422	18	6623318	6623718	400
3423	18	6624518	6624618	100
3424	18	6625118	6625218	100
3425	18	6626618	6626718	100
3426	18	6627218	6627418	200
3427	18	6627718	6627818	100
3428	18	6632318	6632518	200
3429	18	6633618	6633718	100
3430	18	6636118	6636218	100
3431	18	6636618	6636718	100
3432	18	6636918	6637118	200
3433	18	6638218	6638318	100
3434	18	6638718	6638918	200
3435	18	6639118	6639218	100
3436	18	6639318	6639518	200
3437	18	6639618	6639718	100
3438	18	6640518	6640618	100
3439	18	6641718	6641918	200
3440	18	6642818	6642918	100
3441	18	6644318	6644418	100
3442	18	6644718	6644918	200
3443	18	6645718	6645818	100
3444	18	6646318	6646418	100
3445	18	6647118	6647218	100
3446	18	6647518	6647618	100
3447	18	6657818	6657918	100
3448	18	6663018	6663118	100
3449	18	6671418	6671518	100
3450	18	6675218	6675318	100
3451	18	6675418	6675518	100
3452	18	6675918	6676018	100
3453	18	6676318	6676418	100
3454	18	6679518	6679618	100
3455	18	6680318	6680418	100
3456	18	6680918	6681018	100
3457	18	6681518	6681718	200
3458	18	6681918	6682018	100
3459	18	6682118	6682218	100
3460	18	6683518	6683618	100
3461	18	6683918	6684018	100
3462	18	6686318	6686418	100
3463	18	6689218	6689318	100
3464	18	6690018	6690118	100
3465	18	6690518	6690618	100
3466	18	6691618	6691718	100
3467	18	6692518	6692618	100
3468	18	6692718	6692818	100
3469	18	6693218	6693318	100
3470	18	6697618	6697818	200
3471	18	6698018	6698118	100
3472	18	6700418	6700518	100
3473	18	6700818	6700918	100
3474	18	6701418	6701618	200
3475	18	6702218	6702318	100
3476	18	6703218	6703318	100
3477	18	6704318	6704618	300
3478	18	6705618	6705718	100
3479	18	6707518	6707618	100
3480	18	6708718	6708818	100
3481	18	6715618	6715918	300
3482	18	6718118	6718218	100
3483	18	6718918	6719018	100
3484	18	6719118	6719218	100
3485	18	6719718	6719818	100
3486	18	6720618	6720918	300
3487	18	6721218	6721318	100
3488	18	6721518	6722218	700
3489	18	6722518	6722818	300
3490	18	6725418	6725518	100
3491	18	6725918	6726018	100
3492	18	6726718	6726818	100
3493	18	6726918	6727018	100
3494	18	6727218	6727618	400
3495	18	6728518	6728618	100
3496	18	6732018	6732118	100
3497	18	6732218	6732418	200
3498	18	6733418	6733618	200
3499	18	6733918	6734118	200
3500	18	6734618	6734718	100
3501	18	6735118	6735318	200
3502	18	6737118	6737218	100
3503	18	6741918	6742018	100
3504	18	6742318	6742418	100
3505	18	6742618	6742718	100
3506	18	6744618	6744718	100
3507	18	6745518	6745618	100
3508	18	6745718	6745818	100
3509	18	6748518	6748618	100
3510	18	6749218	6749318	100
3511	18	6752718	6752818	100
3512	18	6754118	6754218	100
3513	18	6756318	6756418	100
3514	18	6756618	6756718	100
3515	18	6760718	6761018	300
3516	18	6761118	6761218	100
3517	18	6764818	6765618	800
3518	18	6766818	6766918	100
3519	18	6768018	6768118	100
3520	18	6771718	6771818	100
3521	18	6772718	6772918	200
3522	18	6773318	6773418	100
3523	18	6773518	6773618	100
3524	18	6773818	6773918	100
3525	18	6774218	6774318	100
3526	18	6774518	6774918	400
3527	18	6776618	6776718	100
3528	18	6778718	6779218	500
3529	18	6783718	6783818	100
3530	18	6783918	6784018	100
3531	18	6784818	6784918	100
3532	18	6785518	6785618	100
3533	18	6785818	6785918	100
3534	18	6786218	6786318	100
3535	18	6786818	6786918	100
3536	18	6787018	6787218	200
3537	18	6787318	6787418	100
3538	18	6787518	6787618	100
3539	18	6787918	6788018	100
3540	18	6788518	6788818	300
3541	18	6790418	6790518	100
3542	18	6792118	6792318	200
3543	18	6792518	6792618	100
3544	18	6792718	6792818	100
3545	18	6793718	6793818	100
3546	18	6794918	6795018	100
3547	18	6795718	6795818	100
3548	18	6796118	6796218	100
3549	18	6805218	6805318	100
3550	18	6808318	6808418	100
3551	18	6808718	6808818	100
3552	18	6809918	6810118	200
3553	18	6814718	6814818	100
3554	18	6815518	6815618	100
3555	18	6815818	6816018	200
3556	18	6816118	6816318	200
3557	18	6816918	6817018	100
3558	18	6817718	6818018	300
3559	18	6818318	6818418	100
3560	18	6818718	6818818	100
3561	18	6819318	6819418	100
3562	18	6819918	6820118	200
3563	18	6820418	6820618	200
3564	18	6822318	6822418	100
3565	18	6823518	6823618	100
3566	18	6828918	6829318	400
3567	18	6831918	6832018	100
3568	18	6832318	6832518	200
3569	18	6836318	6836418	100
3570	18	6836518	6836718	200
3571	18	6836818	6836918	100
3572	18	6837318	6837518	200
3573	18	6838018	6838218	200
3574	18	6838318	6838518	200
3575	18	6843318	6843418	100
3576	18	6844218	6844418	200
3577	18	6845418	6845518	100
3578	18	6846218	6846318	100
3579	18	6847018	6847218	200
3580	18	6847318	6847418	100
3581	18	6847618	6847718	100
3582	18	6847918	6848018	100
3583	18	6848118	6848218	100
3584	18	6848418	6848618	200
3585	18	6848718	6848818	100
3586	18	6849718	6849918	200
3587	18	6850218	6850318	100
3588	18	6851618	6851718	100
3589	18	6869518	6869618	100
3590	18	6871018	6871118	100
3591	18	6873118	6873218	100
3592	18	6875018	6875118	100
3593	18	6876618	6876718	100
3594	18	6877418	6877518	100
3595	18	6881218	6881418	200
3596	18	6881518	6881618	100
3597	18	6881718	6881818	100
3598	18	6882718	6882918	200
3599	18	6883318	6883418	100
3600	18	6883918	6884018	100
3601	18	6884318	6884518	200
3602	18	6885818	6885918	100
3603	18	6888818	6889018	200
3604	18	6889118	6889218	100
3605	18	6895618	6895718	100
3606	18	6895818	6895918	100
3607	18	6896318	6896418	100
3608	18	6896618	6896718	100
3609	18	6897318	6897418	100
3610	18	6897718	6898018	300
3611	18	6898118	6898418	300
3612	18	6898618	6898718	100
3613	18	6899318	6899518	200
3614	18	6900718	6900818	100
3615	18	6900918	6901118	200
3616	18	6903718	6903818	100
3617	18	6903918	6904018	100
3618	18	6904718	6905118	400
3619	18	6905518	6905718	200
3620	18	6905918	6906018	100
3621	18	6906118	6906218	100
3622	18	6906318	6906418	100
3623	18	6906918	6907018	100
3624	18	6907118	6907218	100
3625	18	6907418	6907518	100
3626	18	6909418	6909518	100
3627	18	6909718	6909918	200
3628	18	6910718	6910818	100
3629	18	6912318	6912418	100
3630	18	6914018	6914118	100
3631	18	6915518	6915718	200
3632	18	6921618	6922018	400
3633	18	6923218	6923318	100
3634	18	6926718	6926818	100
3635	18	6928318	6928418	100
3636	18	6928518	6928618	100
3637	18	6930018	6930118	100
3638	18	6932918	6933018	100
3639	18	6933318	6933418	100
3640	18	6933518	6933618	100
3641	18	6934418	6934518	100
3642	18	6934618	6934718	100
3643	18	6936818	6936918	100
3644	18	6937618	6937718	100
3645	18	6938318	6938518	200
3646	18	6938618	6938718	100
3647	18	6938918	6939018	100
3648	18	6939118	6939218	100
3649	18	6940018	6940318	300
3650	18	6940718	6940818	100
3651	18	6940918	6941018	100
3652	18	6941318	6941418	100
3653	18	6941518	6941818	300
3654	18	6941918	6942018	100
3655	18	6942218	6942318	100
3656	18	6943318	6943418	100
3657	18	6944818	6944918	100
3658	18	6945118	6945218	100
3659	18	6946118	6946218	100
3660	18	6946318	6946418	100
3661	18	6947418	6947518	100
3662	18	6949018	6949218	200
3663	18	6954518	6954618	100
3664	18	6955018	6955118	100
3665	18	6957318	6957418	100
3666	18	6957618	6957718	100
3667	18	6957818	6957918	100
3668	18	6958118	6958218	100
3669	18	6959618	6959818	200
3670	18	6961318	6961418	100
3671	18	6961518	6961918	400
3672	18	6962818	6962918	100
3673	18	6963618	6963718	100
3674	18	6967918	6968018	100
3675	18	6968318	6968418	100
3676	18	6968518	6968618	100
3677	18	6969018	6969118	100
3678	18	6969718	6970018	300
3679	18	6970118	6970218	100
3680	18	6970318	6970418	100
3681	18	6970618	6970718	100
3682	18	6971318	6971418	100
3683	18	6972718	6972818	100
3684	18	6973318	6973518	200
3685	18	6974918	6975018	100
3686	18	6977218	6977318	100
3687	18	6977618	6977818	200
3688	18	6977918	6978018	100
3689	18	6978118	6978218	100
3690	18	6978618	6978718	100
3691	18	6978918	6979118	200
3692	18	6980318	6980418	100
3693	18	6980818	6980918	100
3694	18	6982618	6982718	100
3695	18	6985318	6985418	100
3696	18	6986818	6986918	100
3697	18	6987218	6987318	100
3698	18	6987418	6987518	100
3699	18	6988618	6988718	100
3700	18	6989318	6989618	300
3701	18	6990118	6990218	100
3702	18	6990318	6990418	100
3703	18	6990818	6990918	100
3704	18	6991718	6991818	100
3705	18	6992118	6992318	200
3706	18	6992718	6992918	200
3707	18	6994018	6994118	100
3708	18	6994818	6994918	100
3709	18	6995918	6996018	100
3710	18	6997318	6997418	100
3711	18	6997518	6997618	100
3712	18	6997718	6997818	100
3713	18	6997918	6998118	200
3714	18	6998218	6998318	100
3715	18	6999918	7000018	100
3716	18	7000518	7003018	2500
3717	18	7003318	7003618	300
3718	18	7003718	7004018	300
3719	18	7004118	7004418	300
3720	18	7004518	7005618	1100
3721	18	7005718	7005818	100
3722	18	7005918	7006318	400
3723	18	7006418	7006518	100
3724	18	7006618	7006718	100
3725	18	7010918	7011018	100
3726	18	7011118	7011218	100
3727	18	7011418	7011518	100
3728	18	7014218	7014318	100
3729	18	7014818	7014918	100
3730	18	7017618	7017718	100
3731	18	7022218	7022318	100
3732	18	7022418	7022518	100
3733	18	7022618	7022718	100
3734	18	7024218	7024318	100
3735	18	7025918	7026018	100
3736	18	7027118	7027218	100
3737	18	7027818	7027918	100
3738	18	7028918	7029018	100
3739	18	7029118	7029218	100
3740	18	7029318	7029418	100
3741	18	7034618	7034718	100
3742	18	7042418	7042718	300
3743	18	7043518	7043618	100
3744	18	7043718	7043818	100
3745	18	7044018	7044218	200
3746	18	7045118	7045218	100
3747	18	7047218	7047318	100
3748	18	7047418	7047518	100
3749	18	7048918	7049018	100
3750	18	7049618	7049718	100
3751	18	7051318	7051418	100
3752	18	7053218	7053318	100
3753	18	7054218	7054318	100
3754	18	7055218	7055318	100
3755	18	7058718	7058818	100
3756	18	7064318	7064418	100
3757	18	7065818	7065918	100
3758	18	7067118	7067218	100
3759	18	7067318	7067518	200
3760	18	7069618	7069718	100
3761	18	7070618	7070718	100
3762	18	7070818	7070918	100
3763	18	7072218	7072318	100
3764	18	7073618	7074018	400
3765	18	7074318	7074418	100
3766	18	7076418	7076518	100
3767	18	7077518	7077618	100
3768	18	7078618	7078718	100
3769	18	7079818	7079918	100
3770	18	7080118	7080318	200
3771	18	7080518	7080618	100
3772	18	7082918	7083018	100
3773	18	7083118	7083318	200
3774	18	7084518	7084618	100
3775	18	7085318	7085418	100
3776	18	7085518	7085618	100
3777	18	7087218	7087318	100
3778	18	7088018	7088118	100
3779	18	7088418	7088518	100
3780	18	7088718	7088918	200
3781	18	7090018	7090118	100
3782	18	7090418	7090518	100
3783	18	7091718	7091918	200
3784	18	7094118	7094218	100
3785	18	7094318	7094418	100
3786	18	7094818	7094918	100
3787	18	7095118	7095318	200
3788	18	7095418	7095718	300
3789	18	7097218	7097318	100
3790	18	7098518	7098618	100
3791	18	7100418	7100518	100
3792	18	7100618	7100718	100
3793	18	7105618	7105718	100
3794	18	7106918	7107118	200
3795	18	7108318	7108418	100
3796	18	7109518	7109618	100
3797	18	7109818	7109918	100
3798	18	7110918	7111018	100
3799	18	7113018	7113118	100
3800	18	7113418	7113618	200
3801	18	7113818	7114018	200
3802	18	7114118	7114218	100
3803	18	7114318	7114518	200
3804	18	7115818	7115918	100
3805	18	7117418	7117618	200
3806	18	7118118	7118318	200
3807	18	7119118	7119218	100
3808	18	7121018	7121118	100
3809	18	7121718	7121818	100
3810	18	7122118	7122218	100
3811	18	7122318	7122418	100
3812	18	7123618	7123918	300
3813	18	7125418	7125518	100
3814	18	7126518	7126618	100
3815	18	7127218	7127518	300
3816	18	7129018	7129118	100
3817	18	7132918	7133018	100
3818	18	7134518	7134618	100
3819	18	7134918	7135018	100
3820	18	7138518	7138618	100
3821	18	7139818	7139918	100
3822	18	7143018	7143118	100
3823	18	7147718	7147918	200
3824	18	7149018	7149118	100
3825	18	7149218	7149318	100
3826	18	7149618	7149718	100
3827	18	7149818	7149918	100
3828	18	7151318	7151418	100
3829	18	7153418	7153518	100
3830	18	7154118	7154218	100
3831	18	7154418	7154618	200
3832	18	7154718	7154818	100
3833	18	7154918	7155018	100
3834	18	7156118	7156218	100
3835	18	7159418	7159518	100
3836	18	7170118	7170218	100
3837	18	7170418	7170518	100
3838	18	7178618	7178718	100
3839	18	7179218	7179418	200
3840	18	7180818	7181018	200
3841	18	7181818	7181918	100
3842	18	7184218	7184318	100
3843	18	7184518	7184618	100
3844	18	7185118	7185218	100
3845	18	7187318	7187418	100
3846	18	7191018	7191118	100
3847	18	7191218	7191318	100
3848	18	7191418	7191618	200
3849	18	7191818	7192018	200
3850	18	7195518	7195618	100
3851	18	7199018	7199118	100
3852	18	7199818	7199918	100
3853	18	7201918	7202018	100
3854	18	7203218	7203318	100
3855	18	7204418	7204618	200
3856	18	7209418	7209618	200
3857	18	7209718	7209918	200
3858	18	7211318	7211418	100
3859	18	7211518	7211618	100
3860	18	7213918	7214018	100
3861	18	7214718	7214818	100
3862	18	7214918	7215018	100
3863	18	7216118	7216218	100
3864	18	7216918	7217018	100
3865	18	7217318	7217418	100
3866	18	7217818	7217918	100
3867	18	7219318	7219418	100
3868	18	7219518	7219618	100
3869	18	7222918	7223118	200
3870	18	7223518	7223618	100
3871	18	7224918	7225118	200
3872	18	7225218	7225518	300
3873	18	7225618	7225818	200
3874	18	7230618	7230818	200
3875	18	7232218	7232318	100
3876	18	7233418	7233518	100
3877	18	7234718	7234818	100
3878	18	7235018	7235118	100
3879	18	7235218	7235318	100
3880	18	7236218	7236318	100
3881	18	7236518	7236818	300
3882	18	7237718	7237818	100
3883	18	7238318	7238418	100
3884	18	7240718	7240918	200
3885	18	7241018	7241118	100
3886	18	7241218	7241318	100
3887	18	7248318	7248418	100
3888	18	7250518	7250618	100
3889	18	7251518	7251618	100
3890	18	7251918	7252018	100
3891	18	7252118	7252218	100
3892	18	7252318	7252418	100
3893	18	7255818	7255918	100
3894	18	7256018	7256118	100
3895	18	7259118	7259218	100
3896	18	7259718	7259918	200
3897	18	7261318	7261418	100
3898	18	7265018	7265118	100
3899	18	7265318	7265418	100
3900	18	7266818	7266918	100
3901	18	7268418	7268518	100
3902	18	7269918	7270018	100
3903	18	7274618	7274718	100
3904	18	7282518	7282818	300
3905	18	7284718	7284818	100
3906	18	7284918	7285018	100
3907	18	7285218	7285318	100
3908	18	7288718	7289018	300
3909	18	7289618	7289718	100
3910	18	7289818	7289918	100
3911	18	7290518	7290718	200
3912	18	7291918	7292018	100
3913	18	7292518	7292618	100
3914	18	7294718	7294818	100
3915	18	7295718	7295818	100
3916	18	7297418	7297518	100
3917	18	7297618	7298118	500
3918	18	7298618	7298718	100
3919	18	7305918	7306018	100
3920	18	7306118	7306218	100
3921	18	7306918	7307018	100
3922	18	7309018	7309118	100
3923	18	7309518	7309618	100
3924	18	7311018	7311118	100
3925	18	7312218	7312418	200
3926	18	7317018	7317118	100
3927	18	7318618	7318718	100
3928	18	7320018	7320218	200
3929	18	7320518	7320618	100
3930	18	7326518	7326618	100
3931	18	7326918	7327018	100
3932	18	7332018	7332118	100
3933	18	7333318	7333618	300
3934	18	7334518	7334718	200
3935	18	7335118	7335218	100
3936	18	7335918	7336018	100
3937	18	7337418	7337518	100
3938	18	7338118	7338218	100
3939	18	7338518	7338618	100
3940	18	7338718	7338818	100
3941	18	7338918	7339018	100
3942	18	7339118	7339318	200
3943	18	7339518	7339618	100
3944	18	7339718	7339818	100
3945	18	7339918	7340018	100
3946	18	7340118	7340218	100
3947	18	7340318	7340418	100
3948	18	7340518	7340718	200
3949	18	7348518	7348618	100
3950	18	7349418	7349518	100
3951	18	7353618	7353718	100
3952	18	7354418	7354618	200
3953	18	7355018	7355118	100
3954	18	7355418	7355518	100
3955	18	7355618	7355718	100
3956	18	7357718	7357818	100
3957	18	7363018	7363118	100
3958	18	7365018	7365118	100
3959	18	7370618	7370718	100
3960	18	7371618	7371818	200
3961	18	7371918	7372018	100
3962	18	7377518	7377618	100
3963	18	7377918	7378018	100
3964	18	7379218	7379318	100
3965	18	7380018	7380118	100
3966	18	7386518	7386618	100
3967	18	7387118	7387218	100
3968	18	7388018	7388218	200
3969	18	7388418	7388618	200
3970	18	7390118	7390218	100
3971	18	7390418	7390518	100
3972	18	7391518	7391818	300
3973	18	7397918	7398118	200
3974	18	7399818	7399918	100
3975	18	7400018	7400118	100
3976	18	7401218	7401318	100
3977	18	7401518	7401618	100
3978	18	7401718	7401818	100
3979	18	7401918	7402018	100
3980	18	7403018	7403118	100
3981	18	7405418	7405518	100
3982	18	7406618	7406718	100
3983	18	7406918	7407118	200
3984	18	7408018	7408118	100
3985	18	7411618	7411718	100
3986	18	7412218	7412318	100
3987	18	7413118	7413218	100
3988	18	7416018	7416218	200
3989	18	7416318	7416518	200
3990	18	7416618	7417018	400
3991	18	7417618	7417818	200
3992	18	7418118	7418218	100
3993	18	7418618	7418818	200
3994	18	7427718	7427818	100
3995	18	7428118	7428218	100
3996	18	7428618	7428718	100
3997	18	7429118	7429218	100
3998	18	7429318	7429418	100
3999	18	7433318	7433418	100
4000	18	7433518	7433618	100
4001	18	7435818	7435918	100
4002	18	7437218	7437318	100
4003	18	7438618	7438718	100
4004	18	7440118	7440218	100
4005	18	7441318	7441418	100
4006	18	7441718	7441818	100
4007	18	7442818	7442918	100
4008	18	7444218	7444318	100
4009	18	7449918	7450118	200
4010	18	7452118	7452218	100
4011	18	7452718	7452818	100
4012	18	7454718	7454818	100
4013	18	7455218	7455518	300
4014	18	7457718	7457818	100
4015	18	7458618	7459118	500
4016	18	7460218	7460318	100
4017	18	7461518	7461718	200
4018	18	7461918	7462018	100
4019	18	7462118	7462218	100
4020	18	7464718	7464818	100
4021	18	7465118	7465218	100
4022	18	7469118	7469218	100
4023	18	7469618	7469718	100
4024	18	7470318	7470418	100
4025	18	7470518	7470618	100
4026	18	7473118	7473218	100
4027	18	7474318	7474418	100
4028	18	7475018	7475118	100
4029	18	7480718	7480918	200
4030	18	7482118	7482418	300
4031	18	7483418	7483518	100
4032	18	7484218	7484418	200
4033	18	7487118	7487218	100
4034	18	7487618	7487918	300
4035	18	7488118	7488218	100
4036	18	7492118	7492218	100
4037	18	7492318	7492418	100
4038	18	7492818	7492918	100
4039	18	7493118	7493418	300
4040	18	7498118	7498218	100
4041	18	7499118	7499318	200
4042	18	7499518	7499618	100
4043	18	7500218	7500318	100
4044	18	7500718	7500818	100
4045	18	7501318	7501418	100
4046	18	7501618	7501718	100
4047	18	7501918	7502018	100
4048	18	7502218	7502418	200
4049	18	7502518	7502618	100
4050	18	7502918	7503118	200
4051	18	7503318	7503418	100
4052	18	7504218	7504318	100
4053	18	7505518	7505718	200
4054	18	7505818	7505918	100
4055	18	7506518	7506718	200
4056	18	7506818	7506918	100
4057	18	7508918	7509018	100
4058	18	7509118	7509318	200
4059	18	7510818	7511018	200
4060	18	7511118	7511218	100
4061	18	7512318	7512418	100
4062	18	7512918	7513018	100
4063	18	7513118	7513218	100
4064	18	7513318	7513418	100
4065	18	7513618	7513818	200
4066	18	7515318	7515518	200
4067	18	7515618	7515718	100
4068	18	7515818	7515918	100
4069	18	7516618	7516718	100
4070	18	7516918	7517018	100
4071	18	7517318	7517418	100
4072	18	7518818	7518918	100
4073	18	7519518	7519618	100
4074	18	7519918	7520018	100
4075	18	7521018	7521118	100
4076	18	7521318	7521418	100
4077	18	7521518	7521618	100
4078	18	7522118	7522218	100
4079	18	7522518	7522618	100
4080	18	7524118	7524318	200
4081	18	7535918	7536018	100
4082	18	7536818	7536918	100
4083	18	7537118	7537218	100
4084	18	7537918	7538018	100
4085	18	7544718	7544818	100
4086	18	7545518	7545618	100
4087	18	7545718	7545818	100
4088	18	7545918	7546118	200
4089	18	7548918	7549218	300
4090	18	7549418	7549518	100
4091	18	7551818	7551918	100
4092	18	7552318	7552418	100
4093	18	7553318	7553418	100
4094	18	7553918	7554118	200
4095	18	7554718	7554818	100
4096	18	7555518	7555618	100
4097	18	7555818	7555918	100
4098	18	7556318	7556418	100
4099	18	7557618	7557718	100
4100	18	7558518	7558618	100
4101	18	7558718	7558818	100
4102	18	7559618	7559718	100
4103	18	7561518	7561618	100
4104	18	7561718	7561818	100
4105	18	7562218	7562418	200
4106	18	7563118	7563218	100
4107	18	7564518	7564618	100
4108	18	7565418	7565618	200
4109	18	7565818	7565918	100
4110	18	7566018	7566118	100
4111	18	7566218	7566318	100
4112	18	7566618	7566718	100
4113	18	7567018	7567118	100
4114	18	7567218	7567318	100
4115	18	7570218	7570318	100
4116	18	7570818	7570918	100
4117	18	7572918	7573018	100
4118	18	7573618	7573718	100
4119	18	7574018	7574118	100
4120	18	7574618	7574718	100
4121	18	7575218	7575318	100
4122	18	7576918	7577318	400
4123	18	7577418	7577618	200
4124	18	7578418	7578518	100
4125	18	7578818	7578918	100
4126	18	7580718	7580818	100
4127	18	7580918	7581018	100
4128	18	7581418	7581818	400
4129	18	7581918	7582018	100
4130	18	7582418	7582518	100
4131	18	7582618	7582718	100
4132	18	7582818	7582918	100
4133	18	7583418	7583618	200
4134	18	7583718	7583818	100
4135	18	7584118	7584218	100
4136	18	7584318	7584418	100
4137	18	7585618	7585718	100
4138	18	7586518	7586618	100
4139	18	7587318	7587418	100
4140	18	7589018	7589318	300
4141	18	7589418	7589518	100
4142	18	7589818	7589918	100
4143	18	7590018	7590118	100
4144	18	7591018	7591218	200
4145	18	7591418	7591618	200
4146	18	7591718	7592018	300
4147	18	7592118	7592218	100
4148	18	7592618	7592718	100
4149	18	7592918	7593118	200
4150	18	7593718	7593818	100
4151	18	7594018	7594118	100
4152	18	7594318	7594418	100
4153	18	7595218	7595418	200
4154	18	7596818	7596918	100
4155	18	7597018	7597118	100
4156	18	7597518	7597618	100
4157	18	7599618	7599718	100
4158	18	7602318	7602418	100
4159	18	7603418	7603518	100
4160	18	7604318	7604418	100
4161	18	7604518	7604718	200
4162	18	7604818	7604918	100
4163	18	7605118	7605218	100
4164	18	7605718	7605818	100
4165	18	7607918	7608018	100
4166	18	7608718	7608818	100
4167	18	7608918	7609018	100
4168	18	7609918	7610018	100
4169	18	7610318	7610418	100
4170	18	7610618	7610818	200
4171	18	7611218	7611318	100
4172	18	7611518	7611618	100
4173	18	7612618	7612818	200
4174	18	7614718	7614918	200
4175	18	7615018	7615118	100
4176	18	7616818	7617118	300
4177	18	7617218	7617418	200
4178	18	7617718	7617918	200
4179	18	7618018	7618118	100
4180	18	7618318	7618418	100
4181	18	7618918	7619118	200
4182	18	7619618	7619718	100
4183	18	7619818	7619918	100
4184	18	7620818	7621018	200
4185	18	7621218	7621318	100
4186	18	7621618	7621718	100
4187	18	7622118	7622218	100
4188	18	7622418	7622518	100
4189	18	7622718	7622818	100
4190	18	7624518	7624718	200
4191	18	7625418	7625918	500
4192	18	7626018	7626418	400
4193	18	7626518	7627218	700
4194	18	7628218	7628318	100
4195	18	7630918	7631018	100
4196	18	7631818	7631918	100
4197	18	7632018	7632218	200
4198	18	7633118	7633218	100
4199	18	7633718	7633818	100
4200	18	7634418	7634618	200
4201	18	7637318	7637618	300
4202	18	7637918	7638018	100
4203	18	7638118	7638218	100
4204	18	7638818	7639018	200
4205	18	7640218	7640518	300
4206	18	7640618	7640718	100
4207	18	7640918	7641118	200
4208	18	7641618	7641918	300
4209	18	7643318	7643418	100
4210	18	7643918	7644018	100
4211	18	7644118	7644218	100
4212	18	7644318	7644418	100
4213	18	7644618	7645218	600
4214	18	7646518	7646618	100
4215	18	7650518	7650618	100
4216	18	7651318	7651418	100
4217	18	7651918	7652018	100
4218	18	7652918	7653018	100
4219	18	7653918	7654018	100
4220	18	7654118	7654218	100
4221	18	7654418	7654718	300
4222	18	7654818	7655018	200
4223	18	7656118	7656218	100
4224	18	7656918	7657018	100
4225	18	7658718	7658818	100
4226	18	7658918	7659218	300
4227	18	7661518	7661718	200
4228	18	7663018	7663118	100
4229	18	7663518	7663618	100
4230	18	7664218	7664318	100
4231	18	7664618	7664718	100
4232	18	7664818	7665018	200
4233	18	7665118	7665318	200
4234	18	7666118	7666218	100
4235	18	7666718	7666818	100
4236	18	7666918	7667018	100
4237	18	7671118	7671318	200
4238	18	7671418	7671518	100
4239	18	7671618	7671718	100
4240	18	7672018	7672318	300
4241	18	7672518	7672618	100
4242	18	7674618	7674718	100
4243	18	7678618	7678718	100
4244	18	7682218	7682418	200
4245	18	7682618	7682718	100
4246	18	7686418	7686518	100
4247	18	7686818	7686918	100
4248	18	7687718	7687818	100
4249	18	7690518	7690618	100
4250	18	7690818	7691018	200
4251	18	7691318	7691418	100
4252	18	7692318	7692518	200
4253	18	7692918	7693118	200
4254	18	7693218	7693418	200
4255	18	7693618	7693718	100
4256	18	7693818	7694018	200
4257	18	7694318	7694418	100
4258	18	7694818	7694918	100
4259	18	7695518	7695618	100
4260	18	7696618	7696718	100
4261	18	7696818	7697018	200
4262	18	7697218	7697318	100
4263	18	7698618	7698718	100
4264	18	7698918	7699118	200
4265	18	7699218	7699318	100
4266	18	7699418	7699518	100
4267	18	7701118	7701218	100
4268	18	7702018	7702118	100
4269	18	7702218	7702318	100
4270	18	7702518	7702818	300
4271	18	7703518	7703618	100
4272	18	7703718	7703818	100
4273	18	7704018	7704118	100
4274	18	7704318	7704418	100
4275	18	7704618	7704718	100
4276	18	7705218	7705418	200
4277	18	7705618	7706118	500
4278	18	7706218	7706418	200
4279	18	7706518	7706618	100
4280	18	7707118	7707418	300
4281	18	7707518	7707618	100
4282	18	7707718	7707818	100
4283	18	7707918	7708018	100
4284	18	7708218	7708418	200
4285	18	7709218	7709318	100
4286	18	7709418	7709518	100
4287	18	7709818	7710018	200
4288	18	7710818	7711218	400
4289	18	7711618	7711718	100
4290	18	7714318	7714418	100
4291	18	7714518	7714618	100
4292	18	7715818	7716018	200
4293	18	7716118	7716218	100
4294	18	7724218	7724318	100
4295	18	7724918	7725018	100
4296	18	7726218	7726318	100
4297	18	7727518	7727618	100
4298	18	7727918	7728218	300
4299	18	7728318	7728418	100
4300	18	7729618	7729818	200
4301	18	7730118	7730218	100
4302	18	7732018	7732118	100
4303	18	7732418	7732518	100
4304	18	7733018	7733118	100
4305	18	7733218	7733318	100
4306	18	7734618	7734718	100
4307	18	7736818	7736918	100
4308	18	7737918	7738018	100
4309	18	7739118	7739218	100
4310	18	7740218	7740318	100
4311	18	7741018	7741218	200
4312	18	7743818	7743918	100
4313	18	7747118	7747218	100
4314	18	7747318	7747418	100
4315	18	7748118	7748218	100
4316	18	7749318	7749418	100
4317	18	7749618	7749718	100
4318	18	7750318	7750718	400
4319	18	7751318	7751418	100
4320	18	7752018	7752118	100
4321	18	7754418	7754518	100
4322	18	7756118	7756218	100
4323	18	7756618	7756718	100
4324	18	7756818	7757418	600
4325	18	7757518	7757618	100
4326	18	7763118	7763218	100
4327	18	7763318	7763418	100
4328	18	7763918	7764018	100
4329	18	7765918	7766018	100
4330	18	7767318	7767418	100
4331	18	7769618	7769718	100
4332	18	7770518	7770718	200
4333	18	7771218	7771318	100
4334	18	7771418	7771618	200
4335	18	7771718	7771818	100
4336	18	7772318	7772418	100
4337	18	7772818	7772918	100
4338	18	7773718	7773818	100
4339	18	7774118	7774318	200
4340	18	7774518	7774618	100
4341	18	7775518	7775618	100
4342	18	7776518	7776918	400
4343	18	7777618	7777718	100
4344	18	7780718	7780818	100
4345	18	7787718	7787818	100
4346	18	7787918	7788218	300
4347	18	7789118	7789218	100
4348	18	7789318	7789418	100
4349	18	7789518	7789718	200
4350	18	7793718	7793818	100
4351	18	7793918	7794018	100
4352	18	7795118	7795318	200
4353	18	7796018	7796218	200
4354	18	7798918	7799018	100
4355	18	7799118	7799218	100
4356	18	7799518	7799818	300
4357	18	7799918	7800018	100
4358	18	7800818	7800918	100
4359	18	7801318	7801418	100
4360	18	7802418	7802518	100
4361	18	7803218	7803418	200
4362	18	7805518	7805618	100
4363	18	7805818	7805918	100
4364	18	7806018	7806218	200
4365	18	7806418	7806518	100
4366	18	7810718	7810818	100
4367	18	7810918	7811118	200
4368	18	7814418	7814518	100
4369	18	7817718	7817818	100
4370	18	7821818	7821918	100
4371	18	7823018	7823218	200
4372	18	7823718	7823818	100
4373	18	7823918	7824018	100
4374	18	7824718	7825418	700
4375	18	7825718	7825818	100
4376	18	7826218	7826318	100
4377	18	7827318	7827518	200
4378	18	7827718	7827918	200
4379	18	7828118	7828218	100
4380	18	7828518	7828718	200
4381	18	7829618	7829718	100
4382	18	7830518	7830718	200
4383	18	7831018	7831118	100
4384	18	7832018	7832218	200
4385	18	7833518	7833718	200
4386	18	7833918	7834018	100
4387	18	7835518	7835618	100
4388	18	7837018	7837118	100
4389	18	7838318	7838818	500
4390	18	7839018	7839118	100
4391	18	7841718	7841818	100
4392	18	7848318	7848418	100
4393	18	7849818	7849918	100
4394	18	7852318	7852418	100
4395	18	7856918	7857018	100
4396	18	7857918	7858018	100
4397	18	7862618	7862718	100
4398	18	7864018	7864118	100
4399	18	7868118	7868218	100
4400	18	7868418	7868718	300
4401	18	7868818	7869318	500
4402	18	7869418	7869618	200
4403	18	7869818	7870218	400
4404	18	7870818	7870918	100
4405	18	7877018	7877118	100
4406	18	7878618	7878818	200
4407	18	7881318	7881418	100
4408	18	7881618	7881818	200
4409	18	7885818	7885918	100
4410	18	7889218	7889318	100
4411	18	7890918	7891018	100
4412	18	7891118	7891218	100
4413	18	7891818	7891918	100
4414	18	7893318	7893518	200
4415	18	7895218	7895318	100
4416	18	7896818	7896918	100
4417	18	7903018	7903118	100
4418	18	7903418	7903518	100
4419	18	7906418	7906518	100
4420	18	7907318	7907418	100
4421	18	7908818	7909018	200
4422	18	7910518	7910818	300
4423	18	7918218	7918318	100
4424	18	7918618	7918718	100
4425	18	7920118	7920218	100
4426	18	7922718	7922818	100
4427	18	7924918	7925018	100
4428	18	7928118	7928218	100
4429	18	7929618	7929818	200
4430	18	7930218	7930318	100
4431	18	7931318	7931518	200
4432	18	7931718	7931818	100
4433	18	7931918	7932018	100
4434	18	7932218	7932318	100
4435	18	7932418	7932618	200
4436	18	7932718	7933018	300
4437	18	7933118	7933318	200
4438	18	7934118	7934218	100
4439	18	7936118	7936218	100
4440	18	7936818	7936918	100
4441	18	7937118	7937218	100
4442	18	7937418	7937518	100
4443	18	7938418	7938518	100
4444	18	7939218	7939318	100
4445	18	7939618	7939718	100
4446	18	7942618	7942818	200
4447	18	7943818	7944018	200
4448	18	7944218	7944318	100
4449	18	7954218	7954318	100
4450	18	7959818	7959918	100
4451	18	7964018	7964118	100
4452	18	7965118	7965218	100
4453	18	7965918	7966018	100
4454	18	7970118	7970218	100
4455	18	7971318	7971418	100
4456	18	7971618	7971718	100
4457	18	7978818	7978918	100
4458	18	7979818	7979918	100
4459	18	7983418	7983518	100
4460	18	7984518	7984618	100
4461	18	7985218	7985318	100
4462	18	7988818	7989018	200
4463	18	7992418	7992518	100
4464	18	7995418	7995518	100
4465	18	7997218	7997318	100
4466	18	7997818	7998118	300
4467	18	7998818	7998918	100
4468	18	8001118	8001218	100
4469	18	8005918	8006018	100
4470	18	8007618	8007718	100
4471	18	8027018	8027218	200
4472	18	8028318	8028418	100
4473	18	8031918	8032018	100
4474	18	8038218	8038318	100
4475	18	8039018	8039118	100
4476	18	8040818	8041018	200
4477	18	8041218	8041318	100
4478	18	8041418	8041518	100
4479	18	8044218	8044318	100
4480	18	8045918	8046018	100
4481	18	8050618	8050718	100
4482	18	8050818	8050918	100
4483	18	8051018	8051318	300
4484	18	8051518	8051618	100
4485	18	8054818	8054918	100
4486	18	8056418	8056518	100
4487	18	8056718	8056818	100
4488	18	8058218	8058318	100
4489	18	8058918	8059018	100
4490	18	8065918	8066018	100
4491	18	8068418	8068518	100
4492	18	8069118	8069318	200
4493	18	8071018	8071118	100
4494	18	8071518	8071618	100
4495	18	8073418	8073518	100
4496	18	8076218	8076318	100
4497	18	8077118	8077218	100
4498	18	8079218	8079318	100
4499	18	8079518	8079618	100
4500	18	8082818	8082918	100
4501	18	8083418	8083518	100
4502	18	8086918	8087218	300
4503	18	8095218	8095318	100
4504	18	8097518	8097618	100
4505	18	8099318	8099418	100
4506	18	8102418	8102518	100
4507	18	8104118	8104318	200
4508	18	8105318	8105418	100
4509	18	8108218	8108318	100
4510	18	8110018	8110118	100
4511	18	8110618	8110718	100
4512	18	8112618	8112718	100
4513	18	8115118	8115218	100
4514	18	8119818	8119918	100
4515	18	8121418	8121518	100
4516	18	8121818	8121918	100
4517	18	8123918	8124018	100
4518	18	8124318	8124818	500
4519	18	8124918	8125118	200
4520	18	8125318	8125418	100
4521	18	8125518	8125718	200
4522	18	8126818	8126918	100
4523	18	8127018	8127118	100
4524	18	8127618	8127718	100
4525	18	8127918	8128018	100
4526	18	8128618	8128718	100
4527	18	8130818	8130918	100
4528	18	8131018	8131118	100
4529	18	8132318	8132418	100
4530	18	8135118	8135318	200
4531	18	8135418	8135518	100
4532	18	8136718	8136818	100
4533	18	8137018	8137118	100
4534	18	8148218	8148318	100
4535	18	8153818	8153918	100
4536	18	8158918	8159018	100
4537	18	8159518	8159618	100
4538	18	8162818	8162918	100
4539	18	8163518	8163618	100
4540	18	8164518	8164818	300
4541	18	8171718	8171818	100
4542	18	8176218	8176318	100
4543	18	8184118	8184218	100
4544	18	8184518	8184618	100
4545	18	8187318	8187418	100
4546	18	8188618	8188718	100
4547	18	8188818	8189018	200
4548	18	8191518	8191618	100
4549	18	8191918	8192018	100
4550	18	8192918	8193018	100
4551	18	8193818	8194018	200
4552	18	8194118	8194518	400
4553	18	8194618	8194818	200
4554	18	8202818	8202918	100
4555	18	8206318	8206418	100
4556	18	8207218	8207318	100
4557	18	8209018	8209218	200
4558	18	8215718	8215818	100
4559	18	8215918	8216118	200
4560	18	8216318	8216518	200
4561	18	8218618	8218918	300
4562	18	8219118	8219218	100
4563	18	8222518	8222618	100
4564	18	8227018	8227118	100
4565	18	8228018	8228118	100
4566	18	8228818	8228918	100
4567	18	8231218	8231318	100
4568	18	8232118	8232218	100
4569	18	8233018	8233118	100
4570	18	8234218	8234318	100
4571	18	8235918	8236318	400
4572	18	8236418	8236618	200
4573	18	8236818	8236918	100
4574	18	8241518	8241718	200
4575	18	8251918	8252218	300
4576	18	8254918	8255018	100
4577	18	8255218	8255318	100
4578	18	8258918	8259018	100
4579	18	8263718	8263818	100
4580	18	8273318	8273418	100
4581	18	8279018	8279118	100
4582	18	8280018	8280118	100
4583	18	8283518	8283618	100
4584	18	8286518	8286618	100
4585	18	8287118	8287218	100
4586	18	8294518	8294618	100
4587	18	8295818	8295918	100
4588	18	8301818	8301918	100
4589	18	8304718	8304818	100
4590	18	8305018	8305118	100
4591	18	8305218	8305418	200
4592	18	8305518	8305618	100
4593	18	8316018	8316118	100
4594	18	8319418	8319518	100
4595	18	8320718	8320818	100
4596	18	8322518	8322618	100
4597	18	8323318	8323518	200
4598	18	8323718	8323818	100
4599	18	8326818	8326918	100
4600	18	8328518	8328718	200
4601	18	8328818	8329118	300
4602	18	8329518	8329618	100
4603	18	8330518	8330618	100
4604	18	8331418	8331518	100
4605	18	8336418	8336518	100
4606	18	8339518	8339618	100
4607	18	8345518	8345618	100
4608	18	8348218	8348318	100
4609	18	8352218	8352318	100
4610	18	8357418	8357518	100
4611	18	8358218	8358318	100
4612	18	8362518	8362618	100
4613	18	8362718	8362818	100
4614	18	8362918	8363018	100
4615	18	8366618	8366718	100
4616	18	8367818	8367918	100
4617	18	8369418	8369518	100
4618	18	8370018	8370118	100
4619	18	8370318	8370418	100
4620	18	8377218	8377318	100
4621	18	8379918	8380018	100
4622	18	8380818	8381018	200
4623	18	8381718	8381818	100
4624	18	8385018	8385118	100
4625	18	8385418	8385518	100
4626	18	8386618	8386718	100
4627	18	8391118	8391218	100
4628	18	8393918	8394018	100
4629	18	8394118	8394218	100
4630	18	8396518	8396618	100
4631	18	8397218	8397318	100
4632	18	8399118	8399218	100
4633	18	8400218	8400318	100
4634	18	8400818	8401018	200
4635	18	8403018	8403118	100
4636	18	8404818	8404918	100
4637	18	8405018	8405318	300
4638	18	8405818	8405918	100
4639	18	8406018	8406118	100
4640	18	8407218	8407518	300
4641	18	8408018	8408118	100
4642	18	8408318	8408418	100
4643	18	8411918	8412118	200
4644	18	8413818	8413918	100
4645	18	8415018	8415318	300
4646	18	8415418	8416018	600
4647	18	8416618	8416718	100
4648	18	8419018	8419118	100
4649	18	8422918	8423018	100
4650	18	8423418	8423518	100
4651	18	8424218	8424318	100
4652	18	8426118	8426218	100
4653	18	8427518	8427618	100
4654	18	8429418	8429518	100
4655	18	8433418	8433518	100
4656	18	8433618	8433718	100
4657	18	8440118	8440418	300
4658	18	8441018	8441118	100
4659	18	8442718	8442818	100
4660	18	8443318	8443518	200
4661	18	8443818	8443918	100
4662	18	8444718	8444918	200
4663	18	8448418	8448518	100
4664	18	8451018	8451118	100
4665	18	8453418	8453618	200
4666	18	8457518	8457618	100
4667	18	8459818	8459918	100
4668	18	8460818	8461018	200
4669	18	8461918	8462118	200
4670	18	8463418	8463518	100
4671	18	8466718	8467018	300
4672	18	8467318	8467418	100
4673	18	8467618	8467718	100
4674	18	8470718	8470818	100
4675	18	8470918	8471018	100
4676	18	8472418	8472718	300
4677	18	8476618	8476718	100
4678	18	8476818	8476918	100
4679	18	8477118	8477218	100
4680	18	8477918	8478118	200
4681	18	8478218	8478318	100
4682	18	8478918	8479018	100
4683	18	8479118	8479218	100
4684	18	8484118	8484218	100
4685	18	8484418	8484518	100
4686	18	8486618	8486718	100
4687	18	8487018	8487218	200
4688	18	8487518	8487618	100
4689	18	8487818	8487918	100
4690	18	8490118	8490218	100
4691	18	8493818	8494118	300
4692	18	8495218	8495318	100
4693	18	8498318	8498418	100
4694	18	8498518	8498618	100
4695	18	8508218	8508318	100
4696	18	8514918	8515018	100
4697	18	8520718	8520818	100
4698	18	8521518	8521618	100
4699	18	8524018	8524318	300
4700	18	8524518	8524618	100
4701	18	8528518	8528618	100
4702	18	8529718	8529818	100
4703	18	8529918	8530018	100
4704	18	8538218	8538318	100
4705	18	8538418	8538518	100
4706	18	8538618	8538718	100
4707	18	8544318	8544418	100
4708	18	8546518	8546718	200
4709	18	8550218	8550318	100
4710	18	8552618	8552718	100
4711	18	8554918	8555018	100
4712	18	8555718	8555918	200
4713	18	8557218	8557418	200
4714	18	8558118	8558318	200
4715	18	8558518	8558618	100
4716	18	8559118	8559218	100
4717	18	8559418	8559618	200
4718	18	8559818	8559918	100
4719	18	8564818	8564918	100
4720	18	8565518	8565618	100
4721	18	8566018	8566118	100
4722	18	8567818	8567918	100
4723	18	8572518	8572618	100
4724	18	8575118	8575218	100
4725	18	8579818	8580018	200
4726	18	8580118	8580218	100
4727	18	8584518	8584618	100
4728	18	8585818	8585918	100
4729	18	8587418	8587518	100
4730	18	8590518	8590618	100
4731	18	8593818	8593918	100
4732	18	8595518	8595618	100
4733	18	8596018	8596118	100
4734	18	8598018	8598118	100
4735	18	8598518	8598618	100
4736	18	8601118	8601218	100
4737	18	8601518	8601618	100
4738	18	8602018	8602118	100
4739	18	8604418	8604518	100
4740	18	8606018	8606318	300
4741	18	8606718	8606818	100
4742	18	8629118	8629218	100
4743	18	8629318	8629418	100
4744	18	8631618	8631718	100
4745	18	8632618	8632718	100
4746	18	8632818	8632918	100
4747	18	8635918	8636018	100
4748	18	8644718	8644818	100
4749	18	8645518	8645618	100
4750	18	8647318	8647618	300
4751	18	8648118	8648218	100
4752	18	8648418	8648518	100
4753	18	8651418	8651518	100
4754	18	8651618	8651718	100
4755	18	8651818	8651918	100
4756	18	8653118	8653318	200
4757	18	8654418	8654518	100
4758	18	8654918	8655018	100
4759	18	8658518	8658618	100
4760	18	8658918	8659018	100
4761	18	8659818	8659918	100
4762	18	8664118	8664218	100
4763	18	8665718	8665818	100
4764	18	8666118	8666218	100
4765	18	8667518	8667618	100
4766	18	8668018	8668118	100
4767	18	8668218	8668318	100
4768	18	8670518	8670618	100
4769	18	8678518	8678718	200
4770	18	8679418	8679518	100
4771	18	8679918	8680018	100
4772	18	8686118	8686218	100
4773	18	8687618	8687718	100
4774	18	8688118	8688218	100
4775	18	8688418	8688518	100
4776	18	8691518	8691618	100
4777	18	8697918	8698018	100
4778	18	8698318	8698518	200
4779	18	8705818	8705918	100
4780	18	8706318	8706418	100
4781	18	8708018	8708118	100
4782	18	8711218	8711318	100
4783	18	8712018	8712118	100
4784	18	8712918	8713018	100
4785	18	8714018	8714118	100
4786	18	8714818	8715118	300
4787	18	8715218	8715318	100
4788	18	8715418	8715518	100
4789	18	8715818	8715918	100
4790	18	8716018	8716118	100
4791	18	8717718	8717818	100
4792	18	8717918	8718018	100
4793	18	8718218	8718318	100
4794	18	8718418	8718518	100
4795	18	8719318	8719418	100
4796	18	8719518	8719618	100
4797	18	8719818	8719918	100
4798	18	8736418	8736718	300
4799	18	8736818	8736918	100
4800	18	8739418	8739518	100
4801	18	8739918	8740118	200
4802	18	8742018	8742118	100
4803	18	8744218	8744318	100
4804	18	8744818	8744918	100
4805	18	8747618	8747718	100
4806	18	8748418	8748718	300
4807	18	8749618	8749718	100
4808	18	8752018	8752118	100
4809	18	8753118	8753218	100
4810	18	8753518	8753618	100
4811	18	8756318	8756418	100
4812	18	8756618	8756718	100
4813	18	8757418	8757518	100
4814	18	8758018	8758118	100
4815	18	8758418	8758618	200
4816	18	8758918	8759018	100
4817	18	8759118	8759218	100
4818	18	8762818	8762918	100
4819	18	8764618	8764718	100
4820	18	8765818	8765918	100
4821	18	8766018	8766118	100
4822	18	8767118	8767218	100
4823	18	8767318	8767418	100
4824	18	8769818	8769918	100
4825	18	8777518	8777618	100
4826	18	8779018	8779118	100
4827	18	8779818	8779918	100
4828	18	8780418	8780518	100
4829	18	8782118	8782218	100
4830	18	8789118	8789218	100
4831	18	8790818	8790918	100
4832	18	8792718	8792818	100
4833	18	8793818	8793918	100
4834	18	8796218	8796318	100
4835	18	8797018	8797118	100
4836	18	8797418	8797618	200
4837	18	8797718	8797818	100
4838	18	8798818	8798918	100
4839	18	8799018	8799118	100
4840	18	8802318	8802418	100
4841	18	8803418	8803518	100
4842	18	8805118	8805218	100
4843	18	8805318	8805418	100
4844	18	8806618	8806718	100
4845	18	8812318	8812518	200
4846	18	8812618	8812718	100
4847	18	8816618	8816718	100
4848	18	8818318	8818418	100
4849	18	8819118	8819218	100
4850	18	8819518	8819618	100
4851	18	8820218	8820318	100
4852	18	8821118	8821318	200
4853	18	8823318	8823418	100
4854	18	8824418	8824518	100
4855	18	8824918	8825018	100
4856	18	8827118	8827218	100
4857	18	8827418	8827518	100
4858	18	8832318	8832418	100
4859	18	8835518	8835618	100
4860	18	8835718	8836218	500
4861	18	8841318	8841418	100
4862	18	8842218	8842318	100
4863	18	8842618	8842718	100
4864	18	8842918	8843018	100
4865	18	8843618	8843718	100
4866	18	8854018	8854118	100
4867	18	8859818	8859918	100
4868	18	8860118	8860218	100
4869	18	8860918	8861018	100
4870	18	8861118	8861218	100
4871	18	8861618	8861718	100
4872	18	8862218	8862318	100
4873	18	8862818	8862918	100
4874	18	8867718	8867818	100
4875	18	8868718	8868818	100
4876	18	8870718	8870818	100
4877	18	8871118	8871318	200
4878	18	8871418	8871718	300
4879	18	8871818	8871918	100
4880	18	8872218	8872318	100
4881	18	8872518	8872618	100
4882	18	8872718	8872818	100
4883	18	8872918	8873018	100
4884	18	8875918	8876018	100
4885	18	8876818	8877018	200
4886	18	8881418	8881518	100
4887	18	8882918	8883118	200
4888	18	8883418	8883518	100
4889	18	8885718	8885818	100
4890	18	8885918	8886018	100
4891	18	8888718	8888818	100
4892	18	8890518	8890618	100
4893	18	8892018	8892118	100
4894	18	8893918	8894018	100
4895	18	8897018	8897118	100
4896	18	8897518	8897618	100
4897	18	8899818	8899918	100
4898	18	8900418	8900518	100
4899	18	8902318	8902418	100
4900	18	8904718	8904918	200
4901	18	8905518	8905618	100
4902	18	8906218	8906318	100
4903	18	8907118	8907218	100
4904	18	8907318	8907418	100
4905	18	8908818	8908918	100
4906	18	8909118	8909218	100
4907	18	8910318	8910418	100
4908	18	8911318	8912218	900
4909	18	8914918	8915118	200
4910	18	8918818	8918918	100
4911	18	8920318	8920518	200
4912	18	8921218	8921318	100
4913	18	8921518	8921618	100
4914	18	8922618	8922718	100
4915	18	8924018	8924118	100
4916	18	8924718	8924818	100
4917	18	8927918	8928018	100
4918	18	8928218	8928418	200
4919	18	8928518	8928618	100
4920	18	8928718	8928818	100
4921	18	8928918	8929018	100
4922	18	8932418	8932518	100
4923	18	8933418	8933518	100
4924	18	8933618	8933718	100
4925	18	8934218	8934318	100
4926	18	8934518	8934618	100
4927	18	8935018	8935218	200
4928	18	8935718	8936018	300
4929	18	8939218	8939318	100
4930	18	8939618	8939718	100
4931	18	8940718	8940818	100
4932	18	8941018	8941118	100
4933	18	8947318	8947418	100
4934	18	8947918	8948018	100
4935	18	8949218	8949318	100
4936	18	8951718	8951818	100
4937	18	8953918	8954118	200
4938	18	8954218	8954318	100
4939	18	8954618	8954718	100
4940	18	8955218	8955318	100
4941	18	8956318	8956418	100
4942	18	8958018	8958118	100
4943	18	8960218	8960318	100
4944	18	8962218	8962318	100
4945	18	8962718	8962818	100
4946	18	8963118	8963218	100
4947	18	8963718	8963818	100
4948	18	8963918	8964018	100
4949	18	8964618	8964718	100
4950	18	8966518	8966818	300
4951	18	8966918	8967018	100
4952	18	8968218	8968418	200
4953	18	8968518	8968618	100
4954	18	8971018	8971118	100
4955	18	8972618	8972918	300
4956	18	8973318	8973618	300
4957	18	8975318	8975418	100
4958	18	8982518	8982618	100
4959	18	8982818	8982918	100
4960	18	8983018	8983118	100
4961	18	8983918	8984118	200
4962	18	8984218	8984318	100
4963	18	8985418	8985518	100
4964	18	8988218	8988318	100
4965	18	8988418	8988518	100
4966	18	8990218	8990318	100
4967	18	8990418	8990518	100
4968	18	8995518	8995618	100
4969	18	8998918	8999018	100
4970	18	9000718	9000818	100
4971	18	9003018	9003118	100
4972	18	9004318	9004418	100
4973	18	9006018	9006218	200
4974	18	9011518	9011718	200
4975	18	9012318	9012418	100
4976	18	9012818	9012918	100
4977	18	9013118	9013218	100
4978	18	9014118	9014218	100
4979	18	9014318	9014418	100
4980	18	9022618	9022718	100
4981	18	9023818	9024018	200
4982	18	9025218	9025318	100
4983	18	9025718	9025818	100
4984	18	9026318	9026418	100
4985	18	9027218	9027418	200
4986	18	9035218	9035418	200
4987	18	9037718	9037818	100
4988	18	9039718	9039818	100
4989	18	9040718	9040818	100
4990	18	9041718	9041818	100
4991	18	9043218	9043318	100
4992	18	9045818	9045918	100
4993	18	9049418	9049518	100
4994	18	9050518	9050618	100
4995	18	9052318	9052418	100
4996	18	9052518	9052618	100
4997	18	9052718	9052818	100
4998	18	9052918	9053018	100
4999	18	9054418	9054518	100
5000	18	9056018	9056118	100
5001	18	9057618	9057718	100
5002	18	9057818	9057918	100
5003	18	9058118	9058218	100
5004	18	9061618	9061718	100
5005	18	9066818	9066918	100
5006	18	9067118	9067318	200
5007	18	9068618	9068818	200
5008	18	9069318	9069418	100
5009	18	9070518	9070618	100
5010	18	9071518	9071718	200
5011	18	9075318	9075418	100
5012	18	9076418	9076518	100
5013	18	9078018	9078318	300
5014	18	9078418	9078518	100
5015	18	9082718	9082818	100
5016	18	9083818	9083918	100
5017	18	9084018	9084118	100
5018	18	9088918	9089118	200
5019	18	9089918	9090018	100
5020	18	9090218	9090318	100
5021	18	9090418	9090518	100
5022	18	9094518	9094618	100
5023	18	9097618	9097718	100
5024	18	9099718	9099918	200
5025	18	9100418	9100618	200
5026	18	9100718	9100818	100
5027	18	9100918	9101018	100
5028	18	9106618	9106718	100
5029	18	9108318	9108418	100
5030	18	9108518	9108718	200
5031	18	9123718	9123918	200
5032	18	9128118	9128218	100
5033	18	9128818	9128918	100
5034	18	9129018	9129118	100
5035	18	9129818	9129918	100
5036	18	9132618	9132718	100
5037	18	9138218	9138418	200
5038	18	9139818	9140018	200
5039	18	9140318	9140418	100
5040	18	9141618	9141718	100
5041	18	9141918	9142018	100
5042	18	9142318	9142418	100
5043	18	9143218	9143318	100
5044	18	9145018	9145118	100
5045	18	9145418	9145518	100
5046	18	9153218	9153318	100
5047	18	9153418	9153518	100
5048	18	9158318	9158418	100
5049	18	9162118	9162218	100
5050	18	9164818	9164918	100
5051	18	9170518	9170618	100
5052	18	9171218	9171318	100
5053	18	9180818	9180918	100
5054	18	9181018	9181118	100
5055	18	9187718	9187818	100
5056	18	9189418	9189518	100
5057	18	9190118	9190318	200
5058	18	9190918	9191218	300
5059	18	9192618	9192718	100
5060	18	9197518	9197718	200
5061	18	9197818	9197918	100
5062	18	9200718	9200818	100
5063	18	9200918	9201018	100
5064	18	9208718	9208818	100
5065	18	9209918	9210218	300
5066	18	9210518	9210718	200
5067	18	9210818	9210918	100
5068	18	9211118	9211318	200
5069	18	9211518	9213418	1900
5070	18	9213518	9215218	1700
5071	18	9215918	9216218	300
5072	18	9216618	9216818	200
5073	18	9218418	9218618	200
5074	18	9219518	9219618	100
5075	18	9219718	9219918	200
5076	18	9220018	9220118	100
5077	18	9220318	9220518	200
5078	18	9220618	9220718	100
5079	18	9221518	9221718	200
5080	18	9223118	9223218	100
5081	18	9224318	9224418	100
5082	18	9230818	9231418	600
5083	18	9231618	9231718	100
5084	18	9235318	9235418	100
5085	18	9238118	9238218	100
5086	18	9238318	9238418	100
5087	18	9238918	9239018	100
5088	18	9240418	9240518	100
5089	18	9241218	9241318	100
5090	18	9242518	9242618	100
5091	18	9244418	9244518	100
5092	18	9244718	9244818	100
5093	18	9270418	9270518	100
5094	18	9270818	9270918	100
5095	18	9273718	9273818	100
5096	18	9274018	9274118	100
5097	18	9274718	9274818	100
5098	18	9275418	9275518	100
5099	18	9275618	9275718	100
5100	18	9276018	9276118	100
5101	18	9276218	9276318	100
5102	18	9276618	9276818	200
5103	18	9276918	9277018	100
5104	18	9277418	9277518	100
5105	18	9278118	9278218	100
5106	18	9278518	9278618	100
5107	18	9279618	9279718	100
5108	18	9280018	9281018	1000
5109	18	9281718	9281818	100
5110	18	9282018	9282118	100
5111	18	9282618	9282918	300
5112	18	9283118	9283318	200
5113	18	9286518	9286618	100
5114	18	9287318	9287418	100
5115	18	9287718	9287918	200
5116	18	9288418	9288518	100
5117	18	9289118	9289518	400
5118	18	9289618	9289718	100
5119	18	9291118	9291218	100
5120	18	9291418	9291518	100
5121	18	9292918	9293018	100
5122	18	9293318	9293418	100
5123	18	9296218	9296318	100
5124	18	9299918	9300018	100
5125	18	9300118	9300218	100
5126	18	9300418	9300518	100
5127	18	9300718	9300818	100
5128	18	9301418	9301518	100
5129	18	9301718	9301918	200
5130	18	9302418	9302518	100
5131	18	9302818	9303018	200
5132	18	9303318	9303418	100
5133	18	9303818	9304018	200
5134	18	9304518	9304618	100
5135	18	9304718	9304818	100
5136	18	9306018	9306118	100
5137	18	9307018	9307118	100
5138	18	9311518	9311618	100
5139	18	9312718	9312918	200
5140	18	9315518	9315618	100
5141	18	9316018	9316118	100
5142	18	9316518	9316818	300
5143	18	9316918	9317218	300
5144	18	9317418	9317518	100
5145	18	9317918	9318018	100
5146	18	9319418	9319518	100
5147	18	9325918	9326118	200
5148	18	9329318	9329518	200
5149	18	9330318	9330418	100
5150	18	9332818	9332918	100
5151	18	9333518	9333618	100
5152	18	9333718	9333818	100
5153	18	9337918	9338018	100
5154	18	9338218	9338318	100
5155	18	9338818	9338918	100
5156	18	9339118	9339218	100
5157	18	9340418	9340518	100
5158	18	9343018	9343118	100
5159	18	9344418	9344518	100
5160	18	9344818	9344918	100
5161	18	9345818	9345918	100
5162	18	9346818	9347018	200
5163	18	9347118	9347218	100
5164	18	9348018	9348218	200
5165	18	9351618	9351718	100
5166	18	9352218	9352318	100
5167	18	9353418	9353518	100
5168	18	9355818	9356018	200
5169	18	9356318	9356418	100
5170	18	9356518	9356918	400
5171	18	9368318	9368418	100
5172	18	9369118	9369218	100
5173	18	9370218	9370318	100
5174	18	9370418	9370518	100
5175	18	9370618	9371118	500
5176	18	9371518	9371618	100
5177	18	9372218	9372318	100
5178	18	9374618	9374818	200
5179	18	9375018	9375118	100
5180	18	9375318	9375418	100
5181	18	9375918	9376018	100
5182	18	9376118	9376218	100
5183	18	9377018	9377118	100
5184	18	9377218	9377318	100
5185	18	9377818	9377918	100
5186	18	9378118	9378418	300
5187	18	9378518	9378618	100
5188	18	9380818	9380918	100
5189	18	9384518	9384618	100
5190	18	9384718	9384818	100
5191	18	9385118	9385318	200
5192	18	9387018	9387118	100
5193	18	9387418	9387518	100
5194	18	9388418	9388518	100
5195	18	9390618	9390718	100
5196	18	9391318	9391418	100
5197	18	9393218	9393318	100
5198	18	9393518	9393618	100
5199	18	9394118	9394218	100
5200	18	9394318	9394518	200
5201	18	9394718	9394818	100
5202	18	9397518	9397618	100
5203	18	9398218	9398318	100
5204	18	9399518	9399718	200
5205	18	9400118	9400218	100
5206	18	9400918	9401018	100
5207	18	9401618	9401918	300
5208	18	9402018	9402118	100
5209	18	9407418	9407518	100
5210	18	9407618	9407718	100
5211	18	9408618	9408718	100
5212	18	9409318	9409518	200
5213	18	9410318	9410418	100
5214	18	9410818	9410918	100
5215	18	9411118	9411218	100
5216	18	9412118	9412218	100
5217	18	9413718	9413818	100
5218	18	9414418	9414518	100
5219	18	9417018	9417118	100
5220	18	9419018	9419218	200
5221	18	9419418	9419518	100
5222	18	9419818	9420018	200
5223	18	9427518	9427618	100
5224	18	9428618	9428918	300
5225	18	9431018	9431118	100
5226	18	9434518	9434618	100
5227	18	9434718	9434818	100
5228	18	9437418	9437518	100
5229	18	9437618	9437718	100
5230	18	9441118	9441218	100
5231	18	9441418	9441518	100
5232	18	9445018	9445118	100
5233	18	9449218	9449718	500
5234	18	9449818	9449918	100
5235	18	9450118	9450718	600
5236	18	9450918	9451018	100
5237	18	9451318	9451418	100
5238	18	9451818	9451918	100
5239	18	9452618	9452718	100
5240	18	9453918	9454018	100
5241	18	9456618	9456718	100
5242	18	9458418	9458518	100
5243	18	9459018	9459118	100
5244	18	9472718	9472818	100
5245	18	9478818	9479018	200
5246	18	9479118	9479318	200
5247	18	9488218	9488318	100
5248	18	9491918	9492018	100
5249	18	9494818	9495318	500
5250	18	9495618	9495718	100
5251	18	9495818	9495918	100
5252	18	9496018	9496118	100
5253	18	9496218	9496418	200
5254	18	9503618	9503718	100
5255	18	9516018	9516118	100
5256	18	9516218	9516318	100
5257	18	9517118	9517218	100
5258	18	9517318	9517418	100
5259	18	9518018	9518318	300
5260	18	9518818	9518918	100
5261	18	9521718	9521818	100
5262	18	9521918	9522018	100
5263	18	9522218	9522318	100
5264	18	9522518	9522718	200
5265	18	9523618	9523718	100
5266	18	9524018	9524118	100
5267	18	9524818	9525018	200
5268	18	9526518	9526618	100
5269	18	9528118	9528218	100
5270	18	9528718	9528918	200
5271	18	9529218	9529318	100
5272	18	9529418	9529518	100
5273	18	9530118	9530218	100
5274	18	9531018	9531118	100
5275	18	9532518	9532618	100
5276	18	9532918	9533018	100
5277	18	9533218	9533318	100
5278	18	9534618	9534718	100
5279	18	9538118	9538218	100
5280	18	9539118	9539218	100
5281	18	9539518	9539818	300
5282	18	9540418	9540518	100
5283	18	9540818	9540918	100
5284	18	9541118	9541218	100
5285	18	9543618	9543718	100
5286	18	9543818	9543918	100
5287	18	9544218	9544318	100
5288	18	9544418	9544518	100
5289	18	9544618	9544718	100
5290	18	9544818	9544918	100
5291	18	9545018	9545118	100
5292	18	9545218	9545318	100
5293	18	9545418	9545518	100
5294	18	9545818	9545918	100
5295	18	9546118	9546218	100
5296	18	9546718	9546818	100
5297	18	9548318	9548418	100
5298	18	9548718	9548818	100
5299	18	9549418	9549518	100
5300	18	9549818	9549918	100
5301	18	9550218	9550318	100
5302	18	9551418	9551518	100
5303	18	9551918	9552018	100
5304	18	9552318	9552418	100
5305	18	9552518	9552618	100
5306	18	9552918	9553018	100
5307	18	9553118	9553218	100
5308	18	9553318	9553418	100
5309	18	9554818	9555318	500
5310	18	9559518	9559618	100
5311	18	9559818	9559918	100
5312	18	9560218	9560518	300
5313	18	9567218	9567318	100
5314	18	9571018	9571118	100
5315	18	9572718	9572818	100
5316	18	9572918	9573018	100
5317	18	9576318	9576518	200
5318	18	9576618	9576718	100
5319	18	9576818	9577118	300
5320	18	9578718	9578818	100
5321	18	9579018	9579418	400
5322	18	9581818	9581918	100
5323	18	9584018	9584118	100
5324	18	9585718	9585818	100
5325	18	9587018	9587118	100
5326	18	9587218	9587318	100
5327	18	9591418	9591518	100
5328	18	9592018	9592118	100
5329	18	9598718	9598818	100
5330	18	9601718	9601818	100
5331	18	9609718	9609818	100
5332	18	9611618	9611718	100
5333	18	9612218	9612318	100
5334	18	9612918	9613018	100
5335	18	9614018	9614118	100
5336	18	9615618	9615718	100
5337	18	9615918	9616018	100
5338	18	9619218	9619518	300
5339	18	9620018	9620118	100
5340	18	9622618	9622718	100
5341	18	9624618	9624718	100
5342	18	9625418	9625518	100
5343	18	9625618	9625718	100
5344	18	9626218	9626318	100
5345	18	9627018	9627118	100
5346	18	9628318	9628418	100
5347	18	9629318	9629418	100
5348	18	9629818	9629918	100
5349	18	9630318	9630418	100
5350	18	9633118	9633318	200
5351	18	9640818	9640918	100
5352	18	9641018	9641118	100
5353	18	9641218	9641318	100
5354	18	9642918	9643018	100
5355	18	9649518	9649618	100
5356	18	9653918	9654018	100
5357	18	9654118	9654218	100
5358	18	9660618	9660718	100
5359	18	9663118	9663218	100
5360	18	9663318	9663418	100
5361	18	9664018	9664118	100
5362	18	9669118	9669218	100
5363	18	9669618	9669718	100
5364	18	9671718	9671818	100
5365	18	9672318	9672418	100
5366	18	9673218	9673318	100
5367	18	9673818	9673918	100
5368	18	9674918	9675118	200
5369	18	9692418	9692518	100
5370	18	9694018	9694118	100
5371	18	9696718	9696818	100
5372	18	9698618	9698718	100
5373	18	9698918	9699018	100
5374	18	9705818	9705918	100
5375	18	9707218	9707918	700
5376	18	9708018	9708918	900
5377	18	9709018	9709118	100
5378	18	9709318	9709418	100
5379	18	9711618	9711718	100
5380	18	9713718	9713818	100
5381	18	9717818	9717918	100
5382	18	9718218	9718318	100
5383	18	9718718	9718818	100
5384	18	9718918	9719018	100
5385	18	9722618	9722718	100
5386	18	9722918	9723018	100
5387	18	9723618	9723818	200
5388	18	9724018	9724118	100
5389	18	9725818	9725918	100
5390	18	9726218	9726518	300
5391	18	9726618	9726718	100
5392	18	9727618	9727718	100
5393	18	9730118	9730418	300
5394	18	9731018	9731118	100
5395	18	9732218	9732318	100
5396	18	9737118	9737218	100
5397	18	9738618	9738718	100
5398	18	9739018	9739118	100
5399	18	9739518	9739618	100
5400	18	9741018	9741118	100
5401	18	9741718	9741818	100
5402	18	9742118	9742218	100
5403	18	9743018	9743218	200
5404	18	9743418	9743518	100
5405	18	9743818	9744018	200
5406	18	9747918	9748018	100
5407	18	9748618	9748718	100
5408	18	9749218	9749418	200
5409	18	9751018	9751118	100
5410	18	9751318	9751418	100
5411	18	9753518	9753618	100
5412	18	9757418	9757618	200
5413	18	9760818	9760918	100
5414	18	9761718	9761818	100
5415	18	9763818	9763918	100
5416	18	9764018	9764118	100
5417	18	9764918	9765118	200
5418	18	9766318	9766418	100
5419	18	9768218	9768318	100
5420	18	9768418	9768518	100
5421	18	9768618	9768718	100
5422	18	9770518	9770618	100
5423	18	9776618	9776718	100
5424	18	9776918	9777018	100
5425	18	9777518	9777618	100
5426	18	9777718	9777818	100
5427	18	9778218	9778318	100
5428	18	9778518	9778618	100
5429	18	9779018	9779118	100
5430	18	9781518	9781618	100
5431	18	9782018	9782118	100
5432	18	9782318	9782418	100
5433	18	9782918	9783118	200
5434	18	9786718	9786818	100
5435	18	9787618	9787918	300
5436	18	9788018	9788118	100
5437	18	9788518	9788618	100
5438	18	9789118	9789218	100
5439	18	9792218	9792318	100
5440	18	9792618	9792718	100
5441	18	9792818	9793118	300
5442	18	9797718	9797818	100
5443	18	9798718	9798918	200
5444	18	9799118	9799218	100
5445	18	9799718	9799818	100
5446	18	9805518	9805618	100
5447	18	9808118	9808218	100
5448	18	9808818	9808918	100
5449	18	9809518	9809618	100
5450	18	9809718	9809818	100
5451	18	9810018	9810218	200
5452	18	9810518	9810718	200
5453	18	9810918	9811118	200
5454	18	9811218	9811318	100
5455	18	9811418	9812018	600
5456	18	9812318	9812418	100
5457	18	9813018	9813218	200
5458	18	9814318	9814418	100
5459	18	9814518	9814818	300
5460	18	9815918	9816018	100
5461	18	9816918	9817018	100
5462	18	9817118	9817718	600
5463	18	9817818	9817918	100
5464	18	9818018	9818218	200
5465	18	9818318	9818418	100
5466	18	9818618	9819318	700
5467	18	9819418	9819618	200
5468	18	9819918	9820118	200
5469	18	9820518	9820618	100
5470	18	9821118	9821318	200
5471	18	9821418	9821518	100
5472	18	9821918	9822118	200
5473	18	9822318	9822418	100
5474	18	9822718	9822818	100
5475	18	9823518	9823618	100
5476	18	9823718	9823818	100
5477	18	9824418	9824618	200
5478	18	9824718	9824818	100
5479	18	9825618	9825718	100
5480	18	9826518	9826618	100
5481	18	9826718	9826918	200
5482	18	9827518	9827818	300
5483	18	9827918	9828118	200
5484	18	9828718	9828818	100
5485	18	9829118	9829218	100
5486	18	9829518	9829618	100
5487	18	9829818	9830018	200
5488	18	9830218	9830418	200
5489	18	9830518	9831318	800
5490	18	9831518	9831618	100
5491	18	9831718	9831818	100
5492	18	9831918	9832018	100
5493	18	9832118	9832218	100
5494	18	9832318	9832418	100
5495	18	9832518	9832818	300
5496	18	9833218	9833318	100
5497	18	9834318	9834418	100
5498	18	9834518	9835118	600
5499	18	9835218	9835318	100
5500	18	9835918	9836018	100
5501	18	9836118	9836318	200
5502	18	9837018	9837118	100
5503	18	9837318	9837418	100
5504	18	9837618	9837918	300
5505	18	9838718	9838818	100
5506	18	9839218	9839418	200
5507	18	9839918	9840018	100
5508	18	9841018	9841118	100
5509	18	9841318	9841518	200
5510	18	9841618	9841718	100
5511	18	9842618	9842918	300
5512	18	9843018	9843118	100
5513	18	9843618	9843818	200
5514	18	9843918	9844118	200
5515	18	9844818	9844918	100
5516	18	9845018	9845118	100
5517	18	9845218	9845418	200
5518	18	9845618	9845718	100
5519	18	9846218	9846318	100
5520	18	9847118	9847218	100
5521	18	9847318	9847418	100
5522	18	9848318	9848418	100
5523	18	9848518	9848618	100
5524	18	9848718	9848918	200
5525	18	9849518	9849618	100
5526	18	9849718	9849818	100
5527	18	9851618	9851818	200
5528	18	9852018	9852118	100
5529	18	9853118	9853318	200
5530	18	9853518	9853618	100
5531	18	9853718	9854018	300
5532	18	9854818	9854918	100
5533	18	9855618	9855918	300
5534	18	9856018	9856218	200
5535	18	9858218	9858518	300
5536	18	9858618	9859318	700
5537	18	9859418	9859718	300
5538	18	9860618	9860718	100
5539	18	9860918	9861118	200
5540	18	9861318	9861418	100
5541	18	9862318	9862418	100
5542	18	9863718	9863818	100
5543	18	9864218	9864318	100
5544	18	9864818	9865018	200
5545	18	9865218	9865318	100
5546	18	9865818	9866518	700
5547	18	9866718	9867118	400
5548	18	9867318	9867618	300
5549	18	9867718	9868018	300
5550	18	9868118	9868418	300
5551	18	9868618	9868718	100
5552	18	9869318	9869518	200
5553	18	9869618	9869918	300
5554	18	9870518	9870618	100
5555	18	9871118	9871218	100
5556	18	9871318	9871518	200
5557	18	9871718	9872118	400
5558	18	9873418	9873518	100
5559	18	9874718	9874918	200
5560	18	9875918	9876018	100
5561	18	9876118	9876218	100
5562	18	9876318	9876418	100
5563	18	9876518	9876618	100
5564	18	9877418	9877518	100
5565	18	9878018	9878118	100
5566	18	9878518	9878718	200
5567	18	9878818	9878918	100
5568	18	9879118	9879218	100
5569	18	9880618	9880918	300
5570	18	9881118	9881318	200
5571	18	9882118	9882318	200
5572	18	9884918	9885018	100
5573	18	9886318	9886418	100
5574	18	9886718	9886818	100
5575	18	9888618	9888718	100
5576	18	9894918	9895018	100
5577	18	9895418	9895518	100
5578	18	9900118	9900218	100
5579	18	9901118	9901218	100
5580	18	9901818	9901918	100
5581	18	9902518	9902618	100
5582	18	9903018	9903118	100
5583	18	9903718	9903818	100
5584	18	9904118	9904218	100
5585	18	9904518	9904618	100
5586	18	9905618	9905718	100
5587	18	9907818	9908118	300
5588	18	9908318	9908418	100
5589	18	9909118	9909218	100
5590	18	9909318	9909418	100
5591	18	9910918	9911018	100
5592	18	9916518	9916618	100
5593	18	9922018	9922118	100
5594	18	9922618	9922718	100
5595	18	9923618	9923718	100
5596	18	9929518	9929618	100
5597	18	9931118	9931218	100
5598	18	9931418	9931518	100
5599	18	9931618	9931718	100
5600	18	9931818	9931918	100
5601	18	9932218	9932418	200
5602	18	9934218	9934418	200
5603	18	9934918	9935018	100
5604	18	9936218	9936318	100
5605	18	9938618	9938718	100
5606	18	9940518	9941018	500
5607	18	9941718	9941818	100
5608	18	9942418	9942818	400
5609	18	9947118	9947218	100
5610	18	9947418	9947518	100
5611	18	9948118	9948218	100
5612	18	9948318	9948518	200
5613	18	9948618	9948718	100
5614	18	9949118	9949618	500
5615	18	9950218	9950418	200
5616	18	9952418	9952518	100
5617	18	9952818	9952918	100
5618	18	9953218	9953418	200
5619	18	9953818	9953918	100
5620	18	9954318	9954418	100
5621	18	9954518	9954618	100
5622	18	9954718	9954918	200
5623	18	9955118	9955218	100
5624	18	9955718	9955818	100
5625	18	9956518	9956618	100
5626	18	9957218	9957518	300
5627	18	9957618	9958818	1200
5628	18	9959118	9959218	100
5629	18	9959418	9959518	100
5630	18	9960118	9960218	100
5631	18	9960718	9960818	100
5632	18	9961418	9961518	100
5633	18	9965118	9965218	100
5634	18	9965318	9965518	200
5635	18	9968018	9968218	200
5636	18	9968618	9968718	100
5637	18	9968818	9968918	100
5638	18	9969618	9969718	100
5639	18	9971418	9971618	200
5640	18	9973318	9973418	100
5641	18	9973518	9973618	100
5642	18	9973718	9973818	100
5643	18	9974018	9974118	100
5644	18	9974318	9974418	100
5645	18	9974518	9974618	100
5646	18	9974818	9974918	100
5647	18	9975118	9975218	100
5648	18	9976218	9976318	100
5649	18	9976518	9976618	100
5650	18	9976818	9977018	200
5651	18	9977118	9977218	100
5652	18	9978518	9978618	100
5653	18	9978718	9978818	100
5654	18	9978918	9979018	100
5655	18	9980418	9980518	100
5656	18	9981518	9981718	200
5657	18	9981818	9982018	200
5658	18	9982918	9983018	100
5659	18	9983718	9983818	100
5660	18	9984018	9984118	100
5661	18	9984218	9984318	100
5662	18	9984718	9984818	100
5663	18	9987018	9987118	100
5664	18	9987218	9987418	200
5665	18	9988018	9988218	200
5666	18	9988718	9988918	200
5667	18	9990118	9990218	100
5668	18	9990318	9990418	100
5669	18	9990618	9990718	100
5670	18	9990918	9991218	300
5671	18	9992118	9992218	100
5672	18	9992318	9992418	100
5673	18	9992618	9992718	100
5674	18	9993318	9993418	100
5675	18	9994218	9994518	300
5676	18	9995618	9995718	100
5677	18	9995818	9995918	100
5678	18	9996118	9996218	100
5679	18	9996418	9997018	600
5680	18	9997518	9997618	100
5681	18	9998018	9998318	300
5682	18	9998818	9998918	100
5683	18	9999118	9999218	100
5684	18	9999718	9999818	100
5685	18	10000318	10000418	100
5686	18	10000718	10000818	100
5687	18	10002118	10002318	200
5688	18	10002718	10002918	200
5689	18	10004518	10004618	100
5690	18	10004718	10004918	200
5691	18	10006618	10006818	200
5692	18	10007518	10007618	100
5693	18	10008118	10008218	100
5694	18	10008518	10008618	100
5695	18	10009418	10009518	100
5696	18	10009718	10009818	100
5697	18	10009918	10010018	100
5698	18	10010418	10010518	100
5699	18	10010618	10010718	100
5700	18	10011218	10011318	100
5701	18	10011518	10011718	200
5702	18	10012418	10012518	100
5703	18	10013118	10013218	100
5704	18	10013818	10014018	200
5705	18	10015118	10015218	100
5706	18	10015518	10015718	200
5707	18	10016418	10016518	100
5708	18	10017118	10017318	200
5709	18	10018218	10018318	100
5710	18	10018418	10018518	100
5711	18	10018618	10018718	100
5712	18	10018818	10018918	100
5713	18	10020518	10020718	200
5714	18	10021218	10021318	100
5715	18	10021818	10021918	100
5716	18	10024318	10024418	100
5717	18	10024818	10024918	100
5718	18	10025118	10025218	100
5719	18	10025718	10025818	100
5720	18	10026018	10026118	100
5721	18	10026218	10026318	100
5722	18	10026518	10026818	300
5723	18	10027718	10027818	100
5724	18	10028118	10028318	200
5725	18	10029118	10029218	100
5726	18	10029318	10029918	600
5727	18	10030018	10030118	100
5728	18	10033118	10033218	100
5729	18	10036218	10036318	100
5730	18	10039118	10039218	100
5731	18	10039718	10039818	100
5732	18	10044218	10044318	100
5733	18	10044418	10044518	100
5734	18	10049118	10049218	100
5735	18	10049618	10049718	100
5736	18	10049818	10049918	100
5737	18	10051418	10051518	100
5738	18	10051918	10052118	200
5739	18	10052318	10052918	600
5740	18	10053718	10053818	100
5741	18	10062118	10062618	500
5742	18	10063518	10063618	100
5743	18	10064218	10064318	100
5744	18	10065618	10065718	100
5745	18	10067318	10067418	100
5746	18	10070218	10070318	100
5747	18	10071818	10071918	100
5748	18	10072018	10072118	100
5749	18	10074018	10074118	100
5750	18	10075618	10075718	100
5751	18	10075918	10076018	100
5752	18	10077318	10077418	100
5753	18	10078818	10078918	100
5754	18	10082518	10082618	100
5755	18	10083818	10083918	100
5756	18	10084718	10084918	200
5757	18	10086118	10086218	100
5758	18	10086618	10086718	100
5759	18	10092718	10093318	600
5760	18	10094918	10095218	300
5761	18	10096018	10096118	100
5762	18	10096518	10096618	100
5763	18	10101218	10101318	100
5764	18	10101418	10101518	100
5765	18	10102518	10102618	100
5766	18	10103118	10103218	100
5767	18	10103318	10103518	200
5768	18	10103618	10103718	100
5769	18	10104418	10104518	100
5770	18	10105318	10105418	100
5771	18	10105618	10105718	100
5772	18	10112818	10112918	100
5773	18	10113718	10113818	100
5774	18	10114018	10114118	100
5775	18	10114318	10114418	100
5776	18	10116218	10116318	100
5777	18	10117718	10117818	100
5778	18	10118318	10118518	200
5779	18	10123818	10123918	100
5780	18	10124018	10124118	100
5781	18	10124518	10124618	100
5782	18	10129818	10129918	100
5783	18	10131318	10131518	200
5784	18	10132118	10132218	100
5785	18	10137218	10137418	200
5786	18	10137818	10137918	100
5787	18	10138618	10138718	100
5788	18	10141518	10141618	100
5789	18	10142218	10142318	100
5790	18	10145918	10146018	100
5791	18	10148318	10148418	100
5792	18	10152118	10152218	100
5793	18	10152918	10153018	100
5794	18	10153918	10154018	100
5795	18	10157118	10157418	300
5796	18	10162618	10162718	100
5797	18	10163218	10163318	100
5798	18	10163718	10163818	100
5799	18	10166418	10166518	100
5800	18	10166718	10166818	100
5801	18	10168018	10168118	100
5802	18	10168818	10168918	100
5803	18	10169818	10169918	100
5804	18	10173418	10173518	100
5805	18	10173618	10173918	300
5806	18	10174018	10174418	400
5807	18	10174618	10174818	200
5808	18	10174918	10175018	100
5809	18	10180918	10181018	100
5810	18	10181118	10181618	500
5811	18	10181818	10182718	900
5812	18	10183918	10184018	100
5813	18	10184718	10184818	100
5814	18	10186818	10186918	100
5815	18	10188618	10188718	100
5816	18	10190818	10190918	100
5817	18	10193318	10193418	100
5818	18	10198118	10198318	200
5819	18	10200018	10200118	100
5820	18	10201818	10201918	100
5821	18	10208718	10208818	100
5822	18	10210218	10210318	100
5823	18	10211718	10211818	100
5824	18	10211918	10212018	100
5825	18	10212318	10212518	200
5826	18	10221618	10221718	100
5827	18	10223418	10223518	100
5828	18	10223618	10223718	100
5829	18	10225018	10225118	100
5830	18	10227118	10227218	100
5831	18	10236518	10236718	200
5832	18	10236918	10237018	100
5833	18	10237718	10237818	100
5834	18	10239918	10240018	100
5835	18	10240118	10240318	200
5836	18	10241718	10241818	100
5837	18	10242418	10242618	200
5838	18	10243218	10243318	100
5839	18	10243618	10243718	100
5840	18	10244118	10244218	100
5841	18	10247718	10247818	100
5842	18	10249418	10249718	300
5843	18	10250018	10250118	100
5844	18	10251218	10251318	100
5845	18	10251418	10251518	100
5846	18	10252618	10252718	100
5847	18	10252818	10252918	100
5848	18	10253218	10253318	100
5849	18	10253718	10253818	100
5850	18	10253918	10254118	200
5851	18	10254318	10254418	100
5852	18	10254918	10255018	100
5853	18	10255518	10255618	100
5854	18	10255718	10255818	100
5855	18	10260218	10260318	100
5856	18	10260618	10260718	100
5857	18	10261218	10261318	100
5858	18	10262618	10262718	100
5859	18	10262818	10262918	100
5860	18	10263018	10263118	100
5861	18	10270118	10270218	100
5862	18	10270418	10270518	100
5863	18	10270618	10270718	100
5864	18	10274318	10274518	200
5865	18	10274618	10274718	100
5866	18	10275818	10275918	100
5867	18	10276018	10276218	200
5868	18	10277318	10277418	100
5869	18	10278418	10278518	100
5870	18	10279218	10279318	100
5871	18	10279418	10279618	200
5872	18	10280118	10280218	100
5873	18	10280618	10280718	100
5874	18	10281018	10281118	100
5875	18	10283618	10283718	100
5876	18	10283818	10284018	200
5877	18	10284518	10284718	200
5878	18	10285418	10285518	100
5879	18	10286618	10286818	200
5880	18	10287318	10287418	100
5881	18	10289618	10289718	100
5882	18	10289818	10289918	100
5883	18	10292018	10292118	100
5884	18	10292218	10292318	100
5885	18	10292618	10292818	200
5886	18	10293818	10293918	100
5887	18	10294118	10294218	100
5888	18	10294518	10294618	100
5889	18	10295118	10295218	100
5890	18	10296218	10296318	100
5891	18	10296518	10296618	100
5892	18	10298618	10298718	100
5893	18	10299518	10299718	200
5894	18	10300118	10300218	100
5895	18	10301418	10301518	100
5896	18	10304818	10304918	100
5897	18	10305418	10305518	100
5898	18	10307818	10308018	200
5899	18	10309718	10309818	100
5900	18	10311218	10311418	200
5901	18	10314418	10314518	100
5902	18	10314918	10315018	100
5903	18	10315318	10315418	100
5904	18	10316918	10317118	200
5905	18	10318818	10318918	100
5906	18	10319618	10319718	100
5907	18	10320718	10320818	100
5908	18	10323918	10324018	100
5909	18	10324418	10324718	300
5910	18	10324818	10325018	200
5911	18	10325118	10325918	800
5912	18	10327318	10327418	100
5913	18	10328918	10329118	200
5914	18	10329618	10329718	100
5915	18	10330118	10330218	100
5916	18	10330818	10330918	100
5917	18	10331518	10331618	100
5918	18	10332718	10332818	100
5919	18	10333618	10333718	100
5920	18	10333918	10334018	100
5921	18	10337718	10337818	100
5922	18	10339918	10340018	100
5923	18	10342218	10342418	200
5924	18	10342918	10343118	200
5925	18	10343218	10343318	100
5926	18	10343618	10343718	100
5927	18	10343818	10343918	100
5928	18	10345018	10345118	100
5929	18	10345318	10345518	200
5930	18	10347018	10347118	100
5931	18	10347718	10347818	100
5932	18	10348318	10348418	100
5933	18	10349718	10349818	100
5934	18	10350818	10350918	100
5935	18	10351918	10352018	100
5936	18	10353118	10353218	100
5937	18	10354418	10354518	100
5938	18	10354618	10354718	100
5939	18	10354818	10354918	100
5940	18	10355018	10355218	200
5941	18	10355418	10355518	100
5942	18	10355618	10355718	100
5943	18	10359118	10359218	100
5944	18	10361018	10361118	100
5945	18	10363218	10363318	100
5946	18	10371518	10371618	100
5947	18	10371918	10372018	100
5948	18	10374118	10374218	100
5949	18	10374518	10374618	100
5950	18	10374818	10374918	100
5951	18	10375418	10375518	100
5952	18	10376218	10376318	100
5953	18	10376418	10376518	100
5954	18	10377318	10377418	100
5955	18	10377618	10377718	100
5956	18	10379518	10379618	100
5957	18	10380418	10380518	100
5958	18	10382518	10382618	100
5959	18	10382718	10383118	400
5960	18	10383918	10384018	100
5961	18	10387518	10387618	100
5962	18	10388118	10388318	200
5963	18	10389018	10389218	200
5964	18	10389918	10390018	100
5965	18	10390618	10390718	100
5966	18	10391218	10391518	300
5967	18	10391818	10391918	100
5968	18	10393218	10393318	100
5969	18	10393518	10393618	100
5970	18	10397318	10397418	100
5971	18	10399318	10399418	100
5972	18	10399518	10399718	200
5973	18	10400018	10400118	100
5974	18	10401018	10401218	200
5975	18	10402818	10402918	100
5976	18	10404018	10404218	200
5977	18	10405318	10405418	100
5978	18	10407418	10407518	100
5979	18	10410618	10410718	100
5980	18	10411418	10411618	200
5981	18	10413818	10413918	100
5982	18	10414218	10414318	100
5983	18	10414918	10415118	200
5984	18	10416318	10416418	100
5985	18	10417018	10417118	100
5986	18	10417218	10417318	100
5987	18	10417618	10417718	100
5988	18	10418018	10418118	100
5989	18	10418418	10418518	100
5990	18	10418618	10418718	100
5991	18	10418818	10418918	100
5992	18	10419518	10419718	200
5993	18	10421318	10421518	200
5994	18	10421818	10421918	100
5995	18	10422718	10422818	100
5996	18	10423218	10423318	100
5997	18	10423918	10424218	300
5998	18	10424518	10424618	100
5999	18	10425918	10426018	100
6000	18	10427418	10427518	100
6001	18	10427618	10427718	100
6002	18	10428018	10428318	300
6003	18	10430318	10430518	200
6004	18	10432618	10432718	100
6005	18	10433318	10433418	100
6006	18	10445418	10445518	100
6007	18	10445718	10445818	100
6008	18	10448618	10448718	100
6009	18	10449618	10449718	100
6010	18	10450318	10450518	200
6011	18	10450918	10451218	300
6012	18	10452618	10452718	100
6013	18	10454118	10454218	100
6014	18	10454318	10454418	100
6015	18	10455718	10455818	100
6016	18	10455918	10456018	100
6017	18	10456418	10456518	100
6018	18	10457418	10457518	100
6019	18	10458118	10458218	100
6020	18	10458318	10458418	100
6021	18	10459218	10459318	100
6022	18	10461018	10461518	500
6023	18	10461618	10462018	400
6024	18	10462918	10463018	100
6025	18	10463218	10463318	100
6026	18	10464118	10464218	100
6027	18	10465418	10465518	100
6028	18	10466818	10466918	100
6029	18	10468418	10468518	100
6030	18	10468618	10468718	100
6031	18	10470518	10470618	100
6032	18	10470718	10470918	200
6033	18	10472618	10472818	200
6034	18	10473018	10473118	100
6035	18	10476118	10476218	100
6036	18	10477318	10477418	100
6037	18	10478818	10478918	100
6038	18	10486318	10486418	100
6039	18	10488718	10488818	100
6040	18	10491818	10491918	100
6041	18	10493418	10493518	100
6042	18	10493918	10494018	100
6043	18	10494418	10494518	100
6044	18	10495418	10495518	100
6045	18	10496418	10496618	200
6046	18	10496718	10496818	100
6047	18	10497618	10497718	100
6048	18	10498918	10499018	100
6049	18	10499918	10500018	100
6050	18	10501318	10501418	100
6051	18	10502118	10502318	200
6052	18	10503018	10503218	200
6053	18	10503618	10503818	200
6054	18	10505218	10505318	100
6055	18	10507118	10507218	100
6056	18	10507618	10507718	100
6057	18	10508918	10509018	100
6058	18	10509118	10509418	300
6059	18	10509518	10509618	100
6060	18	10510018	10510118	100
6061	18	10510618	10510718	100
6062	18	10511018	10511118	100
6063	18	10511218	10511318	100
6064	18	10511418	10511518	100
6065	18	10512018	10512118	100
6066	18	10512618	10512718	100
6067	18	10513818	10513918	100
6068	18	10514118	10514218	100
6069	18	10514318	10514418	100
6070	18	10514518	10514618	100
6071	18	10516718	10517018	300
6072	18	10518618	10518918	300
6073	18	10519218	10519318	100
6074	18	10520718	10520818	100
6075	18	10521818	10521918	100
6076	18	10522118	10522218	100
6077	18	10522718	10522818	100
6078	18	10523018	10523118	100
6079	18	10523418	10523518	100
6080	18	10523618	10523718	100
6081	18	10523918	10524018	100
6082	18	10524618	10524718	100
6083	18	10524818	10524918	100
6084	18	10527718	10527818	100
6085	18	10527918	10528018	100
6086	18	10528118	10528318	200
6087	18	10530018	10530118	100
6088	18	10530418	10530518	100
6089	18	10531318	10531818	500
6090	18	10532218	10532618	400
6091	18	10532718	10533618	900
6092	18	10534118	10534218	100
6093	18	10534418	10534518	100
6094	18	10534818	10534918	100
6095	18	10535418	10535518	100
6096	18	10535618	10535718	100
6097	18	10535818	10535918	100
6098	18	10536218	10536318	100
6099	18	10536518	10536818	300
6100	18	10537218	10537318	100
6101	18	10537918	10538018	100
6102	18	10538118	10538518	400
6103	18	10539218	10539418	200
6104	18	10539718	10539818	100
6105	18	10539918	10540118	200
6106	18	10540318	10540418	100
6107	18	10540518	10540818	300
6108	18	10541118	10541218	100
6109	18	10541318	10541518	200
6110	18	10541818	10542218	400
6111	18	10542318	10542418	100
6112	18	10542518	10542818	300
6113	18	10543018	10543118	100
6114	18	10543418	10543818	400
6115	18	10544118	10544318	200
6116	18	10544418	10544618	200
6117	18	10544718	10544818	100
6118	18	10544918	10545018	100
6119	18	10545118	10545218	100
6120	18	10546618	10546718	100
6121	18	10547118	10547218	100
6122	18	10549218	10549318	100
6123	18	10550818	10551018	200
6124	18	10551618	10551818	200
6125	18	10553018	10553318	300
6126	18	10553718	10553818	100
6127	18	10554218	10554318	100
6128	18	10554818	10554918	100
6129	18	10555418	10555518	100
6130	18	10555918	10556218	300
6131	18	10556918	10557018	100
6132	18	10557318	10557418	100
6133	18	10557718	10557818	100
6134	18	10560318	10560418	100
6135	18	10560718	10560818	100
6136	18	10564718	10564818	100
6137	18	10568618	10568718	100
6138	18	10569018	10569118	100
6139	18	10570418	10570518	100
6140	18	10571118	10571218	100
6141	18	10572018	10572118	100
6142	18	10572818	10572918	100
6143	18	10573118	10573318	200
6144	18	10573618	10573718	100
6145	18	10575918	10576018	100
6146	18	10580818	10580918	100
6147	18	10582118	10582218	100
6148	18	10583218	10583418	200
6149	18	10583618	10583718	100
6150	18	10585218	10585418	200
6151	18	10586118	10586218	100
6152	18	10586318	10586418	100
6153	18	10586518	10586618	100
6154	18	10586818	10587018	200
6155	18	10588418	10588518	100
6156	18	10588918	10589018	100
6157	18	10589418	10589518	100
6158	18	10589818	10589918	100
6159	18	10590618	10590718	100
6160	18	10590818	10590918	100
6161	18	10592118	10592218	100
6162	18	10592318	10592418	100
6163	18	10596918	10597118	200
6164	18	10597518	10597718	200
6165	18	10599618	10599718	100
6166	18	10600318	10600518	200
6167	18	10601418	10602018	600
6168	18	10602218	10602318	100
6169	18	10602918	10603018	100
6170	18	10603118	10603218	100
6171	18	10604018	10604118	100
6172	18	10604818	10604918	100
6173	18	10608418	10608518	100
6174	18	10609018	10609318	300
6175	18	10609418	10611018	1600
6176	18	10611218	10611318	100
6177	18	10612218	10612318	100
6178	18	10612618	10612718	100
6179	18	10612818	10613118	300
6180	18	10613218	10613318	100
6181	18	10613918	10614018	100
6182	18	10614518	10614818	300
6183	18	10614918	10615018	100
6184	18	10615118	10615218	100
6185	18	10617418	10617518	100
6186	18	10617618	10618318	700
6187	18	10618418	10618518	100
6188	18	10619918	10620018	100
6189	18	10620218	10620318	100
6190	18	10621118	10621218	100
6191	18	10622818	10622918	100
6192	18	10623018	10623118	100
6193	18	10624218	10624318	100
6194	18	10625818	10625918	100
6195	18	10626018	10626118	100
6196	18	10626418	10626518	100
6197	18	10627218	10627618	400
6198	18	10627718	10627818	100
6199	18	10629518	10629618	100
6200	18	10630018	10630118	100
6201	18	10630218	10630518	300
6202	18	10631218	10631418	200
6203	18	10632218	10632318	100
6204	18	10632818	10632918	100
6205	18	10633018	10633418	400
6206	18	10633918	10634018	100
6207	18	10634118	10634218	100
6208	18	10634718	10634818	100
6209	18	10635118	10635218	100
6210	18	10635318	10635418	100
6211	18	10636218	10636318	100
6212	18	10637218	10637418	200
6213	18	10637518	10637618	100
6214	18	10638118	10638218	100
6215	18	10638618	10638718	100
6216	18	10640418	10640918	500
6217	18	10641418	10641518	100
6218	18	10641718	10641818	100
6219	18	10642218	10642318	100
6220	18	10643118	10643318	200
6221	18	10643418	10643718	300
6222	18	10643918	10644018	100
6223	18	10644918	10645218	300
6224	18	10646518	10646618	100
6225	18	10647018	10647118	100
6226	18	10647518	10647618	100
6227	18	10647718	10647818	100
6228	18	10647918	10648018	100
6229	18	10648118	10648218	100
6230	18	10649018	10649118	100
6231	18	10649718	10649818	100
6232	18	10652418	10652518	100
6233	18	10652718	10652918	200
6234	18	10654118	10654218	100
6235	18	10654518	10654618	100
6236	18	10655218	10655318	100
6237	18	10655418	10655718	300
6238	18	10655818	10655918	100
6239	18	10658218	10658418	200
6240	18	10658618	10658718	100
6241	18	10658818	10658918	100
6242	18	10659118	10659218	100
6243	18	10662418	10662518	100
6244	18	10662618	10662718	100
6245	18	10663818	10663918	100
6246	18	10664118	10664318	200
6247	18	10664418	10664618	200
6248	18	10664818	10664918	100
6249	18	10665018	10665118	100
6250	18	10665218	10665418	200
6251	18	10665718	10665918	200
6252	18	10667318	10667518	200
6253	18	10667618	10667718	100
6254	18	10667818	10667918	100
6255	18	10668418	10668518	100
6256	18	10669218	10669418	200
6257	18	10670218	10670318	100
6258	18	10670418	10670518	100
6259	18	10671218	10671318	100
6260	18	10671618	10671718	100
6261	18	10671918	10672118	200
6262	18	10673118	10673318	200
6263	18	10673918	10674218	300
6264	18	10678218	10678318	100
6265	18	10680618	10680718	100
6266	18	10681018	10681218	200
6267	18	10682218	10682318	100
6268	18	10682418	10682518	100
6269	18	10683418	10683618	200
6270	18	10683818	10683918	100
6271	18	10684118	10684318	200
6272	18	10694818	10694918	100
6273	18	10695618	10696018	400
6274	18	10697018	10697118	100
6275	18	10697818	10698118	300
6276	18	10698718	10698818	100
6277	18	10699618	10699718	100
6278	18	10700118	10700218	100
6279	18	10701218	10701418	200
6280	18	10701518	10701818	300
6281	18	10702418	10702518	100
6282	18	10704418	10704518	100
6283	18	10705218	10705318	100
6284	18	10706018	10707118	1100
6285	18	10707218	10707418	200
6286	18	10707918	10708018	100
6287	18	10710018	10710118	100
6288	18	10710218	10710318	100
6289	18	10711218	10711318	100
6290	18	10712318	10712418	100
6291	18	10713618	10713818	200
6292	18	10714718	10714918	200
6293	18	10715618	10715718	100
6294	18	10716218	10716318	100
6295	18	10716818	10716918	100
6296	18	10718118	10718218	100
6297	18	10718318	10718418	100
6298	18	10718918	10719018	100
6299	18	10719418	10719618	200
6300	18	10720418	10720518	100
6301	18	10721518	10721618	100
6302	18	10725418	10725818	400
6303	18	10726218	10726718	500
6304	18	10726818	10726918	100
6305	18	10727018	10727118	100
6306	18	10728118	10728218	100
6307	18	10729518	10729718	200
6308	18	10732418	10732518	100
6309	18	10733618	10733718	100
6310	18	10734518	10734618	100
6311	18	10735118	10735218	100
6312	18	10735718	10735818	100
6313	18	10737418	10737518	100
6314	18	10740418	10740518	100
6315	18	10741718	10741818	100
6316	18	10742718	10742818	100
6317	18	10742918	10743018	100
6318	18	10746018	10746118	100
6319	18	10747318	10747418	100
6320	18	10747518	10747618	100
6321	18	10749218	10749318	100
6322	18	10749918	10750018	100
6323	18	10752218	10752318	100
6324	18	10756518	10756718	200
6325	18	10757618	10757718	100
6326	18	10757818	10757918	100
6327	18	10759218	10759318	100
6328	18	10766318	10766418	100
6329	18	10766718	10766818	100
6330	18	10766918	10767018	100
6331	18	10767118	10767418	300
6332	18	10770918	10771018	100
6333	18	10772118	10772218	100
6334	18	10772418	10772618	200
6335	18	10775518	10775618	100
6336	18	10776418	10776518	100
6337	18	10777518	10777618	100
6338	18	10777718	10778318	600
6339	18	10779418	10779718	300
6340	18	10779818	10779918	100
6341	18	10781218	10781318	100
6342	18	10781718	10781818	100
6343	18	10784218	10784318	100
6344	18	10785518	10785618	100
6345	18	10785818	10785918	100
6346	18	10786418	10786618	200
6347	18	10787618	10787918	300
6348	18	10788018	10788118	100
6349	18	10788918	10789018	100
6350	18	10789618	10789718	100
6351	18	10789818	10789918	100
6352	18	10793218	10793518	300
6353	18	10793918	10794018	100
6354	18	10794518	10794618	100
6355	18	10796318	10796418	100
6356	18	10797018	10797118	100
6357	18	10798118	10798218	100
6358	18	10798318	10798418	100
6359	18	10799318	10799518	200
6360	18	10801818	10801918	100
6361	18	10802118	10802218	100
6362	18	10802318	10802418	100
6363	18	10804718	10804818	100
6364	18	10806018	10806118	100
6365	18	10806218	10806318	100
6366	18	10806918	10807018	100
6367	18	10807518	10807718	200
6368	18	10808318	10808418	100
6369	18	10808518	10808618	100
6370	18	10810718	10810818	100
6371	18	10811218	10811318	100
6372	18	10813618	10813718	100
6373	18	10814118	10814418	300
6374	18	10814718	10814818	100
6375	18	10814918	10815018	100
6376	18	10815518	10815618	100
6377	18	10815918	10816018	100
6378	18	10821218	10821418	200
6379	18	10821618	10821818	200
6380	18	10821918	10822218	300
6381	18	10822618	10822718	100
6382	18	10822818	10822918	100
6383	18	10823618	10823718	100
6384	18	10824518	10824618	100
6385	18	10824818	10824918	100
6386	18	10825318	10825418	100
6387	18	10825718	10825818	100
6388	18	10826018	10826118	100
6389	18	10826218	10826318	100
6390	18	10826418	10826518	100
6391	18	10826918	10827118	200
6392	18	10827818	10827918	100
6393	18	10830118	10830218	100
6394	18	10830618	10830718	100
6395	18	10831118	10831218	100
6396	18	10832818	10833118	300
6397	18	10833218	10833318	100
6398	18	10833418	10833518	100
6399	18	10833918	10834018	100
6400	18	10834218	10834318	100
6401	18	10834918	10835018	100
6402	18	10835118	10835318	200
6403	18	10835618	10835718	100
6404	18	10835918	10836118	200
6405	18	10836218	10836418	200
6406	18	10836518	10836618	100
6407	18	10837418	10837818	400
6408	18	10838018	10838118	100
6409	18	10838418	10838518	100
6410	18	10839218	10839418	200
6411	18	10839718	10839818	100
6412	18	10840018	10840518	500
6413	18	10840618	10840718	100
6414	18	10840818	10840918	100
6415	18	10841018	10841218	200
6416	18	10841818	10841918	100
6417	18	10842218	10842318	100
6418	18	10842418	10842518	100
6419	18	10843118	10843218	100
6420	18	10843418	10843618	200
6421	18	10843818	10843918	100
6422	18	10844118	10844218	100
6423	18	10844718	10844818	100
6424	18	10845818	10845918	100
6425	18	10846218	10846318	100
6426	18	10846518	10846718	200
6427	18	10846818	10846918	100
6428	18	10847018	10847118	100
6429	18	10847418	10847518	100
6430	18	10848318	10848418	100
6431	18	10848718	10848818	100
6432	18	10848918	10849018	100
6433	18	10849118	10849218	100
6434	18	10849318	10849518	200
6435	18	10849818	10849918	100
6436	18	10850018	10850118	100
6437	18	10850918	10851018	100
6438	18	10851118	10851218	100
6439	18	10851318	10851418	100
6440	18	10854418	10854618	200
6441	18	10857618	10857818	200
6442	18	10859118	10859318	200
6443	18	10859618	10859718	100
6444	18	10860018	10860118	100
6445	18	10860218	10860318	100
6446	18	10861518	10861618	100
6447	18	10862918	10863018	100
6448	18	10863518	10863618	100
6449	18	10863718	10863818	100
6450	18	10864518	10864618	100
6451	18	10864718	10864818	100
6452	18	10865218	10865518	300
6453	18	10865918	10866618	700
6454	18	10866718	10867118	400
6455	18	10867518	10867618	100
6456	18	10868018	10868218	200
6457	18	10868718	10868818	100
6458	18	10870118	10870418	300
6459	18	10870718	10870818	100
6460	18	10870918	10871018	100
6461	18	10871118	10871518	400
6462	18	10872518	10872618	100
6463	18	10872718	10872818	100
6464	18	10873118	10873218	100
6465	18	10874218	10874418	200
6466	18	10874518	10874718	200
6467	18	10874818	10874918	100
6468	18	10875018	10875318	300
6469	18	10883018	10883118	100
6470	18	10883318	10883418	100
6471	18	10883818	10883918	100
6472	18	10885818	10886118	300
6473	18	10886318	10886618	300
6474	18	10887018	10887118	100
6475	18	10887218	10887318	100
6476	18	10887418	10887618	200
6477	18	10887818	10887918	100
6478	18	10888018	10888118	100
6479	18	10888218	10888318	100
6480	18	10888418	10888518	100
6481	18	10888618	10888718	100
6482	18	10889418	10889518	100
6483	18	10889618	10889818	200
6484	18	10890518	10890818	300
6485	18	10890918	10891018	100
6486	18	10891118	10891318	200
6487	18	10891418	10891518	100
6488	18	10891818	10892018	200
6489	18	10893518	10893618	100
6490	18	10893718	10893818	100
6491	18	10893918	10894018	100
6492	18	10894218	10894418	200
6493	18	10894918	10895018	100
6494	18	10895318	10895618	300
6495	18	10896618	10896718	100
6496	18	10898718	10898918	200
6497	18	10899018	10899118	100
6498	18	10899718	10899818	100
6499	18	10900818	10900918	100
6500	18	10901018	10901118	100
6501	18	10901418	10901518	100
6502	18	10901618	10901718	100
6503	18	10902118	10902218	100
6504	18	10902318	10902418	100
6505	18	10902618	10902718	100
6506	18	10903118	10903218	100
6507	18	10903618	10903718	100
6508	18	10904018	10904318	300
6509	18	10905118	10905418	300
6510	18	10909218	10909318	100
6511	18	10911018	10911118	100
6512	18	10911518	10911618	100
6513	18	10911718	10911818	100
6514	18	10911918	10912018	100
6515	18	10912218	10912318	100
6516	18	10912418	10912518	100
6517	18	10913618	10913918	300
6518	18	10914118	10914318	200
6519	18	10914618	10914818	200
6520	18	10914918	10915018	100
6521	18	10916618	10916718	100
6522	18	10916818	10916918	100
6523	18	10917218	10917318	100
6524	18	10918018	10918218	200
6525	18	10918318	10918418	100
6526	18	10918618	10918718	100
6527	18	10919618	10919718	100
6528	18	10919818	10920118	300
6529	18	10920718	10920918	200
6530	18	10922018	10922118	100
6531	18	10922218	10922418	200
6532	18	10923818	10924018	200
6533	18	10924118	10924318	200
6534	18	10924418	10924618	200
6535	18	10924718	10924818	100
6536	18	10925518	10925618	100
6537	18	10926418	10926518	100
6538	18	10928118	10928218	100
6539	18	10928818	10928918	100
6540	18	10929618	10929718	100
6541	18	10931118	10931318	200
6542	18	10932018	10932218	200
6543	18	10932418	10932618	200
6544	18	10933018	10933218	200
6545	18	10933318	10933718	400
6546	18	10935518	10935618	100
6547	18	10935718	10935918	200
6548	18	10936118	10936218	100
6549	18	10936618	10937318	700
6550	18	10937518	10937618	100
6551	18	10937718	10937918	200
6552	18	10938018	10938118	100
6553	18	10938318	10938418	100
6554	18	10939118	10939218	100
6555	18	10939318	10939418	100
6556	18	10939518	10939618	100
6557	18	10941018	10941418	400
6558	18	10941518	10941618	100
6559	18	10941818	10942018	200
6560	18	10943518	10943618	100
6561	18	10943718	10943918	200
6562	18	10944418	10944518	100
6563	18	10944718	10944818	100
6564	18	10945618	10945718	100
6565	18	10945918	10946118	200
6566	18	10947318	10947518	200
6567	18	10947618	10947718	100
6568	18	10947918	10948018	100
6569	18	10948118	10948218	100
6570	18	10948518	10948618	100
6571	18	10949018	10949118	100
6572	18	10949318	10949418	100
6573	18	10951318	10951418	100
6574	18	10951518	10951618	100
6575	18	10952518	10952618	100
6576	18	10953518	10953618	100
6577	18	10953718	10953818	100
6578	18	10953918	10954018	100
6579	18	10954118	10954218	100
6580	18	10954318	10954418	100
6581	18	10954518	10954618	100
6582	18	10955718	10955918	200
6583	18	10956818	10956918	100
6584	18	10957018	10957218	200
6585	18	10957418	10957518	100
6586	18	10957618	10958018	400
6587	18	10958918	10959018	100
6588	18	10959318	10959418	100
6589	18	10961118	10961318	200
6590	18	10961418	10961718	300
6591	18	10962318	10962418	100
6592	18	10963018	10963118	100
6593	18	10964218	10964318	100
6594	18	10965018	10965218	200
6595	18	10965918	10966018	100
6596	18	10966618	10966718	100
6597	18	10967018	10967118	100
6598	18	10968218	10968318	100
6599	18	10968418	10968518	100
6600	18	10971418	10971518	100
6601	18	10972118	10972218	100
6602	18	10972318	10972418	100
6603	18	10972818	10972918	100
6604	18	10973018	10973118	100
6605	18	10973218	10973318	100
6606	18	10973818	10974118	300
6607	18	10974218	10974318	100
6608	18	10974518	10974618	100
6609	18	10975018	10975318	300
6610	18	10976218	10976718	500
6611	18	10976818	10977118	300
6612	18	10977418	10977718	300
6613	18	10977918	10978018	100
6614	18	10979518	10979618	100
6615	18	10979818	10979918	100
6616	18	10980118	10980218	100
6617	18	10980418	10980518	100
6618	18	10980618	10980718	100
6619	18	10980818	10980918	100
6620	18	10981118	10981218	100
6621	18	10983018	10983118	100
6622	18	10983218	10983318	100
6623	18	10983418	10983518	100
6624	18	10983618	10983718	100
6625	18	10983918	10984118	200
6626	18	10984218	10984318	100
6627	18	10985918	10986018	100
6628	18	10986118	10986218	100
6629	18	10986718	10986818	100
6630	18	10986918	10987018	100
6631	18	10987618	10987718	100
6632	18	10987818	10988118	300
6633	18	10988618	10988718	100
6634	18	10988818	10988918	100
6635	18	10989418	10989518	100
6636	18	10989718	10990118	400
6637	18	10991618	10991818	200
6638	18	10992518	10992618	100
6639	18	10992818	10992918	100
6640	18	10993118	10993218	100
6641	18	10995118	10995218	100
6642	18	10995918	10996018	100
6643	18	10997318	10997518	200
6644	18	10999018	10999118	100
6645	18	10999418	10999718	300
6646	18	10999818	10999918	100
6647	18	11000118	11000218	100
6648	18	11000918	11001018	100
6649	18	11001718	11001818	100
6650	18	11002318	11002418	100
6651	18	11002618	11002718	100
6652	18	11003118	11003218	100
6653	18	11003518	11003618	100
6654	18	11004318	11004618	300
6655	18	11004918	11005018	100
6656	18	11006118	11006318	200
6657	18	11006918	11007018	100
6658	18	11007218	11007318	100
6659	18	11007518	11007618	100
6660	18	11008818	11008918	100
6661	18	11009318	11009518	200
6662	18	11010018	11010118	100
6663	18	11010318	11010518	200
6664	18	11011818	11011918	100
6665	18	11012118	11012218	100
6666	18	11012718	11012918	200
6667	18	11014018	11014118	100
6668	18	11015218	11015518	300
6669	18	11016018	11016118	100
6670	18	11016718	11016818	100
6671	18	11017518	11017618	100
6672	18	11017718	11017818	100
6673	18	11018018	11018118	100
6674	18	11019018	11019118	100
6675	18	11019318	11019618	300
6676	18	11020718	11020818	100
6677	18	11022818	11022918	100
6678	18	11023418	11023518	100
6679	18	11023618	11023718	100
6680	18	11023918	11024018	100
6681	18	11024318	11024518	200
6682	18	11024618	11024818	200
6683	18	11024918	11025018	100
6684	18	11026718	11026818	100
6685	18	11027218	11027418	200
6686	18	11027818	11028018	200
6687	18	11028418	11028518	100
6688	18	11030218	11030418	200
6689	18	11030818	11031018	200
6690	18	11032518	11032618	100
6691	18	11032718	11032818	100
6692	18	11032918	11033018	100
6693	18	11033118	11033218	100
6694	18	11033618	11033818	200
6695	18	11033918	11034018	100
6696	18	11035218	11035318	100
6697	18	11035418	11035518	100
6698	18	11035618	11035718	100
6699	18	11035818	11035918	100
6700	18	11036418	11036518	100
6701	18	11037418	11037518	100
6702	18	11039318	11039418	100
6703	18	11039618	11039718	100
6704	18	11040018	11040418	400
6705	18	11040718	11040818	100
6706	18	11040918	11041018	100
6707	18	11041218	11041318	100
6708	18	11041418	11041518	100
6709	18	11041618	11041718	100
6710	18	11042518	11042618	100
6711	18	11044118	11044218	100
6712	18	11044318	11044518	200
6713	18	11044618	11044718	100
6714	18	11046118	11046318	200
6715	18	11046518	11046618	100
6716	18	11047318	11047418	100
6717	18	11047818	11048718	900
6718	18	11048818	11048918	100
6719	18	11049318	11049518	200
6720	18	11049718	11049918	200
6721	18	11050118	11050318	200
6722	18	11050418	11050518	100
6723	18	11050618	11050818	200
6724	18	11051318	11051718	400
6725	18	11051918	11053218	1300
6726	18	11053318	11053918	600
6727	18	11054018	11054318	300
6728	18	11054418	11054618	200
6729	18	11054718	11055318	600
6730	18	11055418	11055518	100
6731	18	11055618	11056118	500
6732	18	11056318	11056418	100
6733	18	11056918	11057018	100
6734	18	11057318	11057418	100
6735	18	11058618	11058818	200
6736	18	11058918	11059318	400
6737	18	11059418	11059518	100
6738	18	11059618	11059918	300
6739	18	11060318	11060418	100
6740	18	11060818	11060918	100
6741	18	11061018	11061118	100
6742	18	11061218	11061318	100
6743	18	11062718	11062818	100
6744	18	11063018	11063118	100
6745	18	11064618	11064718	100
6746	18	11065118	11065318	200
6747	18	11065418	11065518	100
6748	18	11065618	11065718	100
6749	18	11066018	11066118	100
6750	18	11066218	11066418	200
6751	18	11066718	11066818	100
6752	18	11066918	11067518	600
6753	18	11067718	11067818	100
6754	18	11068118	11068218	100
6755	18	11068618	11068718	100
6756	18	11069418	11069518	100
6757	18	11069718	11069818	100
6758	18	11070018	11070118	100
6759	18	11070818	11070918	100
6760	18	11071018	11071118	100
6761	18	11071418	11071518	100
6762	18	11073018	11073118	100
6763	18	11074318	11074418	100
6764	18	11074518	11074618	100
6765	18	11074818	11074918	100
6766	18	11075118	11075318	200
6767	18	11075418	11075818	400
6768	18	11076218	11076518	300
6769	18	11076718	11076818	100
6770	18	11077818	11077918	100
6771	18	11078118	11078218	100
6772	18	11078318	11078418	100
6773	18	11079418	11079518	100
6774	18	11079618	11079718	100
6775	18	11080018	11080118	100
6776	18	11081018	11081118	100
6777	18	11081518	11081618	100
6778	18	11082118	11082418	300
6779	18	11082518	11082618	100
6780	18	11082818	11082918	100
6781	18	11083718	11083818	100
6782	18	11084118	11084318	200
6783	18	11084418	11084618	200
6784	18	11084718	11084818	100
6785	18	11086718	11086818	100
6786	18	11087518	11087618	100
6787	18	11087718	11087818	100
6788	18	11088018	11088118	100
6789	18	11088418	11088518	100
6790	18	11089718	11089818	100
6791	18	11089918	11090018	100
6792	18	11090618	11090718	100
6793	18	11091418	11091518	100
6794	18	11091818	11092018	200
6795	18	11092318	11092818	500
6796	18	11094118	11094218	100
6797	18	11094318	11094418	100
6798	18	11096018	11096118	100
6799	18	11097118	11097218	100
6800	18	11097518	11098218	700
6801	18	11098518	11098618	100
6802	18	11099018	11099118	100
6803	18	11100218	11100318	100
6804	18	11100518	11100618	100
6805	18	11100918	11101118	200
6806	18	11101518	11101618	100
6807	18	11101718	11101818	100
6808	18	11101918	11102018	100
6809	18	11102318	11102418	100
6810	18	11102618	11102818	200
6811	18	11103018	11103218	200
6812	18	11103318	11103418	100
6813	18	11103818	11103918	100
6814	18	11104518	11105418	900
6815	18	11105718	11105818	100
6816	18	11106318	11106518	200
6817	18	11107218	11107418	200
6818	18	11107718	11107818	100
6819	18	11109318	11109418	100
6820	18	11110318	11110418	100
6821	18	11110618	11110718	100
6822	18	11111218	11111418	200
6823	18	11111618	11111718	100
6824	18	11112218	11112418	200
6825	18	11112918	11113018	100
6826	18	11113118	11113418	300
6827	18	11114618	11114718	100
6828	18	11117318	11117418	100
6829	18	11117518	11117618	100
6830	18	11118218	11118318	100
6831	18	11119518	11119618	100
6832	18	11119918	11120018	100
6833	18	11120118	11120218	100
6834	18	11120318	11120418	100
6835	18	11122218	11122318	100
6836	18	11123018	11123218	200
6837	18	11124518	11124618	100
6838	18	11126918	11127118	200
6839	18	11127218	11127318	100
6840	18	11129018	11129118	100
6841	18	11129418	11129518	100
6842	18	11129618	11129818	200
6843	18	11130018	11130118	100
6844	18	11130418	11130518	100
6845	18	11130618	11130718	100
6846	18	11130818	11130918	100
6847	18	11131218	11131318	100
6848	18	11135918	11136118	200
6849	18	11140618	11140718	100
6850	18	11142018	11142118	100
6851	18	11142518	11142718	200
6852	18	11143218	11143318	100
6853	18	11143518	11143618	100
6854	18	11144618	11144718	100
6855	18	11144918	11145518	600
6856	18	11147018	11147118	100
6857	18	11148118	11148218	100
6858	18	11155718	11155818	100
6859	18	11156018	11156118	100
6860	18	11156318	11156418	100
6861	18	11156818	11156918	100
6862	18	11157318	11157418	100
6863	18	11158718	11158818	100
6864	18	11158918	11159018	100
6865	18	11163618	11163718	100
6866	18	11164818	11164918	100
6867	18	11165318	11165418	100
6868	18	11165918	11166018	100
6869	18	11166718	11166818	100
6870	18	11167018	11167118	100
6871	18	11168618	11168818	200
6872	18	11194118	11194218	100
6873	18	11194818	11194918	100
6874	18	11195618	11195718	100
6875	18	11196418	11196518	100
6876	18	11197018	11197118	100
6877	18	11197918	11198218	300
6878	18	11200218	11200318	100
6879	18	11200418	11200518	100
6880	18	11202818	11202918	100
6881	18	11204918	11205418	500
6882	18	11205518	11205618	100
6883	18	11205818	11205918	100
6884	18	11209018	11209118	100
6885	18	11209918	11210118	200
6886	18	11210718	11210818	100
6887	18	11211018	11211118	100
6888	18	11211218	11211718	500
6889	18	11212118	11212318	200
6890	18	11212618	11213118	500
6891	18	11214118	11214618	500
6892	18	11214718	11215118	400
6893	18	11215218	11215518	300
6894	18	11216218	11216518	300
6895	18	11216818	11217018	200
6896	18	11217218	11217818	600
6897	18	11217918	11218018	100
6898	18	11218418	11218518	100
6899	18	11220918	11221018	100
6900	18	11221518	11222018	500
6901	18	11223318	11223418	100
6902	18	11223518	11223618	100
6903	18	11224118	11224218	100
6904	18	11224718	11224918	200
6905	18	11225618	11225718	100
6906	18	11225918	11226118	200
6907	18	11226218	11227118	900
6908	18	11227318	11227518	200
6909	18	11228618	11228718	100
6910	18	11229418	11229518	100
6911	18	11230518	11230618	100
6912	18	11230718	11230818	100
6913	18	11230918	11231018	100
6914	18	11231118	11231218	100
6915	18	11231818	11231918	100
6916	18	11232018	11232118	100
6917	18	11232218	11232418	200
6918	18	11232518	11232618	100
6919	18	11232818	11232918	100
6920	18	11233218	11233318	100
6921	18	11233518	11233618	100
6922	18	11234018	11234218	200
6923	18	11234318	11234618	300
6924	18	11234818	11235018	200
6925	18	11235118	11235218	100
6926	18	11235718	11235818	100
6927	18	11236618	11236818	200
6928	18	11236918	11237018	100
6929	18	11237618	11237718	100
6930	18	11238218	11238318	100
6931	18	11238818	11238918	100
6932	18	11239318	11239418	100
6933	18	11239718	11240118	400
6934	18	11240218	11240618	400
6935	18	11241018	11241118	100
6936	18	11241418	11241518	100
6937	18	11242518	11242618	100
6938	18	11243618	11243718	100
6939	18	11244318	11244418	100
6940	18	11245618	11245718	100
6941	18	11245918	11246018	100
6942	18	11249518	11249918	400
6943	18	11250018	11250118	100
6944	18	11251218	11251318	100
6945	18	11253818	11253918	100
6946	18	11255018	11255218	200
6947	18	11256518	11256618	100
6948	18	11256918	11257018	100
6949	18	11258818	11258918	100
6950	18	11259418	11259518	100
6951	18	11260218	11260318	100
6952	18	11263718	11263818	100
6953	18	11264518	11264618	100
6954	18	11264918	11265018	100
6955	18	11266918	11267018	100
6956	18	11268718	11268818	100
6957	18	11272618	11272718	100
6958	18	11273218	11273318	100
6959	18	11273618	11273718	100
6960	18	11274418	11274518	100
6961	18	11274818	11274918	100
6962	18	11275218	11275318	100
6963	18	11275618	11275718	100
6964	18	11279018	11279118	100
6965	18	11285518	11285618	100
6966	18	11290018	11290118	100
6967	18	11290218	11290318	100
6968	18	11291018	11291118	100
6969	18	11295018	11295118	100
6970	18	11298118	11298218	100
6971	18	11304118	11304218	100
6972	18	11307118	11307218	100
6973	18	11309218	11309318	100
6974	18	11309418	11309518	100
6975	18	11309618	11309718	100
6976	18	11310218	11310318	100
6977	18	11312218	11312318	100
6978	18	11314018	11314118	100
6979	18	11316118	11316218	100
6980	18	11316518	11316618	100
6981	18	11317618	11317718	100
6982	18	11318718	11318818	100
6983	18	11320018	11320118	100
6984	18	11323218	11323418	200
6985	18	11323518	11323618	100
6986	18	11323718	11323818	100
6987	18	11325818	11325918	100
6988	18	11326418	11326618	200
6989	18	11326718	11327218	500
6990	18	11327318	11327418	100
6991	18	11328918	11329018	100
6992	18	11329118	11329218	100
6993	18	11329418	11329518	100
6994	18	11330218	11330318	100
6995	18	11330418	11330518	100
6996	18	11330618	11330818	200
6997	18	11330918	11331018	100
6998	18	11332718	11332918	200
6999	18	11333518	11333618	100
7000	18	11333718	11333918	200
7001	18	11334918	11335018	100
7002	18	11335818	11335918	100
7003	18	11336118	11336218	100
7004	18	11338518	11338618	100
7005	18	11339118	11339218	100
7006	18	11339518	11339618	100
7007	18	11344518	11344618	100
7008	18	11346018	11346118	100
7009	18	11346318	11346518	200
7010	18	11347318	11347418	100
7011	18	11347518	11347718	200
7012	18	11348718	11348818	100
7013	18	11349118	11349218	100
7014	18	11349318	11349418	100
7015	18	11351718	11352618	900
7016	18	11352718	11353118	400
7017	18	11353218	11353318	100
7018	18	11355118	11355318	200
7019	18	11356318	11356418	100
7020	18	11359318	11359718	400
7021	18	11359818	11360018	200
7022	18	11362718	11362818	100
7023	18	11363418	11363518	100
7024	18	11364318	11364418	100
7025	18	11364918	11365018	100
7026	18	11366218	11366318	100
7027	18	11366718	11366818	100
7028	18	11366918	11367018	100
7029	18	11367418	11367518	100
7030	18	11370218	11370318	100
7031	18	11384318	11384418	100
7032	18	11385518	11385718	200
7033	18	11386618	11386718	100
7034	18	11389418	11389618	200
7035	18	11392418	11392518	100
7036	18	11392618	11392818	200
7037	18	11393118	11393418	300
7038	18	11393618	11393718	100
7039	18	11394018	11394218	200
7040	18	11394418	11394518	100
7041	18	11394718	11394918	200
7042	18	11395918	11396118	200
7043	18	11396418	11396618	200
7044	18	11398418	11398518	100
7045	18	11398918	11399018	100
7046	18	11399718	11399818	100
7047	18	11400118	11400218	100
7048	18	11400318	11400418	100
7049	18	11400918	11401218	300
7050	18	11401718	11401918	200
7051	18	11402018	11402118	100
7052	18	11403218	11403318	100
7053	18	11403618	11403718	100
7054	18	11403818	11403918	100
7055	18	11404918	11405018	100
7056	18	11405118	11405218	100
7057	18	11405818	11406018	200
7058	18	11406318	11406518	200
7059	18	11407018	11407118	100
7060	18	11408618	11408718	100
7061	18	11408818	11408918	100
7062	18	11409418	11409718	300
7063	18	11409918	11410018	100
7064	18	11410518	11410718	200
7065	18	11411418	11411618	200
7066	18	11413018	11413118	100
7067	18	11414218	11414318	100
7068	18	11415318	11415418	100
7069	18	11415618	11415718	100
7070	18	11418118	11418218	100
7071	18	11418518	11418618	100
7072	18	11420018	11420118	100
7073	18	11420618	11420718	100
7074	18	11421118	11421218	100
7075	18	11421918	11422218	300
7076	18	11422918	11423018	100
7077	18	11423618	11423718	100
7078	18	11424318	11424418	100
7079	18	11425818	11425918	100
7080	18	11426418	11426518	100
7081	18	11427718	11427818	100
7082	18	11428218	11428418	200
7083	18	11436418	11436518	100
7084	18	11436618	11436718	100
7085	18	11438118	11438318	200
7086	18	11439218	11439318	100
7087	18	11439418	11439518	100
7088	18	11439618	11439718	100
7089	18	11441218	11441318	100
7090	18	11441418	11441518	100
7091	18	11442518	11442618	100
7092	18	11444418	11444518	100
7093	18	11444618	11444818	200
7094	18	11446018	11446118	100
7095	18	11449818	11450018	200
7096	18	11450618	11450818	200
7097	18	11451418	11451518	100
7098	18	11452118	11452218	100
7099	18	11452418	11452518	100
7100	18	11453018	11453118	100
7101	18	11455218	11455318	100
7102	18	11459218	11459318	100
7103	18	11461618	11461718	100
7104	18	11462218	11462318	100
7105	18	11462518	11462818	300
7106	18	11463518	11463618	100
7107	18	11465218	11465318	100
7108	18	11466218	11466318	100
7109	18	11468718	11469018	300
7110	18	11469318	11469418	100
7111	18	11470618	11471318	700
7112	18	11471618	11471718	100
7113	18	11472318	11472418	100
7114	18	11473518	11473618	100
7115	18	11473818	11473918	100
7116	18	11476918	11477018	100
7117	18	11478518	11478618	100
7118	18	11479318	11479518	200
7119	18	11479818	11479918	100
7120	18	11480118	11480218	100
7121	18	11480318	11480418	100
7122	18	11482018	11482118	100
7123	18	11483418	11483518	100
7124	18	11483718	11483818	100
7125	18	11486018	11486218	200
7126	18	11486418	11486518	100
7127	18	11486618	11486718	100
7128	18	11486818	11486918	100
7129	18	11487018	11487118	100
7130	18	11487218	11487418	200
7131	18	11487618	11487718	100
7132	18	11488518	11488818	300
7133	18	11489318	11489418	100
7134	18	11489618	11489718	100
7135	18	11491418	11491518	100
7136	18	11497118	11497318	200
7137	18	11499218	11499318	100
7138	18	11502118	11502218	100
7139	18	11502918	11503018	100
7140	18	11506018	11506218	200
7141	18	11507218	11507318	100
7142	18	11507418	11507518	100
7143	18	11508518	11508718	200
7144	18	11509018	11509118	100
7145	18	11509618	11509718	100
7146	18	11514418	11514618	200
7147	18	11520118	11520218	100
7148	18	11521218	11521318	100
7149	18	11528418	11528518	100
7150	18	11530018	11530318	300
7151	18	11530518	11530618	100
7152	18	11531118	11531218	100
7153	18	11534218	11534318	100
7154	18	11535218	11535318	100
7155	18	11535618	11535718	100
7156	18	11536118	11536318	200
7157	18	11537218	11537318	100
7158	18	11537718	11537818	100
7159	18	11539418	11539518	100
7160	18	11541918	11542118	200
7161	18	11542618	11542718	100
7162	18	11542818	11542918	100
7163	18	11543018	11543118	100
7164	18	11543218	11543318	100
7165	18	11543718	11543818	100
7166	18	11544218	11544418	200
7167	18	11545518	11545618	100
7168	18	11546718	11546918	200
7169	18	11548518	11548718	200
7170	18	11548818	11548918	100
7171	18	11552118	11552318	200
7172	18	11559818	11559918	100
7173	18	11560018	11560118	100
7174	18	11561218	11561318	100
7175	18	11562018	11562218	200
7176	18	11562418	11562618	200
7177	18	11562718	11562818	100
7178	18	11563118	11563218	100
7179	18	11563418	11563518	100
7180	18	11568118	11568318	200
7181	18	11569818	11570018	200
7182	18	11572318	11572418	100
7183	18	11572918	11573118	200
7184	18	11573318	11573418	100
7185	18	11575018	11575218	200
7186	18	11575318	11575418	100
7187	18	11576318	11576518	200
7188	18	11578918	11579018	100
7189	18	11579118	11579218	100
7190	18	11580318	11580418	100
7191	18	11582718	11582818	100
7192	18	11584718	11584818	100
7193	18	11584918	11585018	100
7194	18	11585918	11586318	400
7195	18	11588818	11588918	100
7196	18	11589618	11589718	100
7197	18	11591718	11591818	100
7198	18	11593318	11593418	100
7199	18	11593918	11594018	100
7200	18	11594718	11594818	100
7201	18	11595618	11595718	100
7202	18	11596318	11596418	100
7203	18	11597218	11597418	200
7204	18	11599318	11599418	100
7205	18	11602218	11602318	100
7206	18	11603318	11603418	100
7207	18	11603618	11603718	100
7208	18	11606118	11606218	100
7209	18	11607518	11607618	100
7210	18	11608618	11608718	100
7211	18	11608918	11609018	100
7212	18	11609118	11609318	200
7213	18	11612218	11612418	200
7214	18	11612818	11612918	100
7215	18	11613418	11613618	200
7216	18	11613918	11614018	100
7217	18	11614318	11614518	200
7218	18	11614818	11615018	200
7219	18	11615118	11615218	100
7220	18	11615418	11615518	100
7221	18	11619718	11619818	100
7222	18	11619918	11620018	100
7223	18	11621218	11621318	100
7224	18	11625318	11625418	100
7225	18	11631318	11631518	200
7226	18	11632218	11632318	100
7227	18	11633018	11633118	100
7228	18	11633218	11633318	100
7229	18	11634618	11634718	100
7230	18	11635718	11635818	100
7231	18	11636818	11636918	100
7232	18	11637518	11637618	100
7233	18	11637918	11638018	100
7234	18	11638718	11638818	100
7235	18	11641318	11641518	200
7236	18	11648118	11648218	100
7237	18	11648418	11648518	100
7238	18	11648718	11648818	100
7239	18	11648918	11649118	200
7240	18	11649218	11649318	100
7241	18	11650718	11650818	100
7242	18	11653818	11653918	100
7243	18	11654918	11655018	100
7244	18	11656818	11658418	1600
7245	18	11658718	11658818	100
7246	18	11659618	11659718	100
7247	18	11659818	11659918	100
7248	18	11664918	11665018	100
7249	18	11666118	11666218	100
7250	18	11666318	11666418	100
7251	18	11666818	11666918	100
7252	18	11669818	11670018	200
7253	18	11670618	11670718	100
7254	18	11676018	11676118	100
7255	18	11677018	11677118	100
7256	18	11681518	11681718	200
7257	18	11687718	11687918	200
7258	18	11692318	11692418	100
7259	18	11702318	11702418	100
7260	18	11702518	11702618	100
7261	18	11704618	11704718	100
7262	18	11706918	11707018	100
7263	18	11716218	11716318	100
7264	18	11716918	11717018	100
7265	18	11717618	11717718	100
7266	18	11718018	11718118	100
7267	18	11719618	11719718	100
7268	18	11721618	11721718	100
7269	18	11722218	11722418	200
7270	18	11723418	11723518	100
7271	18	11723618	11723718	100
7272	18	11724418	11724518	100
7273	18	11728118	11728318	200
7274	18	11734118	11734218	100
7275	18	11734518	11734618	100
7276	18	11734718	11734818	100
7277	18	11735118	11735318	200
7278	18	11735718	11735818	100
7279	18	11736118	11736218	100
7280	18	11739718	11739918	200
7281	18	11740618	11740818	200
7282	18	11742618	11742718	100
7283	18	11743418	11743518	100
7284	18	11753418	11753518	100
7285	18	11754618	11754718	100
7286	18	11755618	11755818	200
7287	18	11757218	11757318	100
7288	18	11759318	11759418	100
7289	18	11759718	11759818	100
7290	18	11760218	11760418	200
7291	18	11761618	11761718	100
7292	18	11762718	11762818	100
7293	18	11764418	11764518	100
7294	18	11764618	11764718	100
7295	18	11765518	11765618	100
7296	18	11766718	11766818	100
7297	18	11766918	11767018	100
7298	18	11768218	11768418	200
7299	18	11768518	11768618	100
7300	18	11769118	11769218	100
7301	18	11769418	11769518	100
7302	18	11770818	11770918	100
7303	18	11771618	11771718	100
7304	18	11772018	11772318	300
7305	18	11772818	11773018	200
7306	18	11774418	11774518	100
7307	18	11775418	11775518	100
7308	18	11775618	11775718	100
7309	18	11776318	11776418	100
7310	18	11781818	11781918	100
7311	18	11783518	11783618	100
7312	18	11783818	11784018	200
7313	18	11784418	11784518	100
7314	18	11786718	11786918	200
7315	18	11790118	11790218	100
7316	18	11790318	11790418	100
7317	18	11790818	11790918	100
7318	18	11792518	11792618	100
7319	18	11792718	11792818	100
7320	18	11793418	11793618	200
7321	18	11793718	11793818	100
7322	18	11794218	11794418	200
7323	18	11794518	11794718	200
7324	18	11795018	11795118	100
7325	18	11795518	11795618	100
7326	18	11796218	11796318	100
7327	18	11797318	11797518	200
7328	18	11797918	11798018	100
7329	18	11798418	11798518	100
7330	18	11800518	11800618	100
7331	18	11800918	11801018	100
7332	18	11801218	11801318	100
7333	18	11803918	11804018	100
7334	18	11804318	11804418	100
7335	18	11806718	11806918	200
7336	18	11807018	11807118	100
7337	18	11807918	11808018	100
7338	18	11808818	11808918	100
7339	18	11810718	11810818	100
7340	18	11811018	11811118	100
7341	18	11812118	11812218	100
7342	18	11812318	11812518	200
7343	18	11813418	11813618	200
7344	18	11815118	11815218	100
7345	18	11815318	11815518	200
7346	18	11816418	11816618	200
7347	18	11817118	11817218	100
7348	18	11817318	11817418	100
7349	18	11818518	11818618	100
7350	18	11818718	11818818	100
7351	18	11819018	11819318	300
7352	18	11820118	11820418	300
7353	18	11820618	11820718	100
7354	18	11821618	11821718	100
7355	18	11822618	11822718	100
7356	18	11823818	11823918	100
7357	18	11824018	11824118	100
7358	18	11824518	11824618	100
7359	18	11824918	11825018	100
7360	18	11825318	11825518	200
7361	18	11825618	11825818	200
7362	18	11826918	11827018	100
7363	18	11827218	11827318	100
7364	18	11827518	11827618	100
7365	18	11827718	11827818	100
7366	18	11828618	11829118	500
7367	18	11829718	11830118	400
7368	18	11830518	11830718	200
7369	18	11830818	11831018	200
7370	18	11831918	11832018	100
7371	18	11832118	11832218	100
7372	18	11832318	11832418	100
7373	18	11834518	11834618	100
7374	18	11834818	11835118	300
7375	18	11835218	11835318	100
7376	18	11836418	11836518	100
7377	18	11836618	11836718	100
7378	18	11837018	11837118	100
7379	18	11838318	11838418	100
7380	18	11838518	11838618	100
7381	18	11838718	11838818	100
7382	18	11838918	11839018	100
7383	18	11839118	11839418	300
7384	18	11839518	11839618	100
7385	18	11840018	11840518	500
7386	18	11840618	11840718	100
7387	18	11840818	11840918	100
7388	18	11841018	11841118	100
7389	18	11841318	11841818	500
7390	18	11842218	11842318	100
7391	18	11842418	11842618	200
7392	18	11843118	11843318	200
7393	18	11843418	11845118	1700
7394	18	11845218	11845418	200
7395	18	11845618	11845718	100
7396	18	11845818	11845918	100
7397	18	11846218	11846418	200
7398	18	11846518	11846618	100
7399	18	11846718	11846918	200
7400	18	11847018	11847218	200
7401	18	11847418	11847518	100
7402	18	11847618	11847818	200
7403	18	11848018	11848218	200
7404	18	11848418	11848518	100
7405	18	11848618	11848718	100
7406	18	11848818	11848918	100
7407	18	11849118	11849318	200
7408	18	11849718	11849918	200
7409	18	11850218	11850418	200
7410	18	11850518	11850718	200
7411	18	11851118	11851618	500
7412	18	11851718	11851918	200
7413	18	11852118	11852318	200
7414	18	11852918	11853418	500
7415	18	11853518	11853618	100
7416	18	11853818	11853918	100
7417	18	11854018	11854218	200
7418	18	11854918	11855018	100
7419	18	11855118	11855418	300
7420	18	11855518	11855718	200
7421	18	11855818	11855918	100
7422	18	11856118	11856318	200
7423	18	11856518	11856618	100
7424	18	11856818	11857018	200
7425	18	11857318	11857418	100
7426	18	11857618	11857718	100
7427	18	11858118	11858218	100
7428	18	11858318	11858518	200
7429	18	11859118	11859218	100
7430	18	11859318	11859418	100
7431	18	11859518	11859618	100
7432	18	11860118	11860218	100
7433	18	11860318	11860718	400
7434	18	11861018	11861118	100
7435	18	11861318	11861518	200
7436	18	11861618	11861818	200
7437	18	11862218	11862518	300
7438	18	11862718	11863018	300
7439	18	11863118	11863218	100
7440	18	11863918	11864118	200
7441	18	11864418	11864518	100
7442	18	11865018	11865118	100
7443	18	11865218	11865318	100
7444	18	11865918	11866018	100
7445	18	11866118	11866518	400
7446	18	11867118	11867218	100
7447	18	11868218	11868318	100
7448	18	11868418	11868518	100
7449	18	11868618	11868718	100
7450	18	11868918	11869018	100
7451	18	11871418	11871518	100
7452	18	11872318	11872518	200
7453	18	11872618	11872918	300
7454	18	11873018	11873618	600
7455	18	11874318	11874418	100
7456	18	11874618	11874718	100
7457	18	11874918	11875018	100
7458	18	11875118	11875218	100
7459	18	11875518	11875618	100
7460	18	11875818	11875918	100
7461	18	11876018	11876318	300
7462	18	11876418	11876518	100
7463	18	11876618	11876718	100
7464	18	11876818	11876918	100
7465	18	11877118	11877318	200
7466	18	11877818	11877918	100
7467	18	11878118	11878518	400
7468	18	11878918	11879018	100
7469	18	11879118	11879218	100
7470	18	11879518	11879718	200
7471	18	11881018	11881118	100
7472	18	11881718	11881818	100
7473	18	11883318	11884018	700
7474	18	11884118	11884618	500
7475	18	11885218	11885318	100
7476	18	11885618	11885818	200
7477	18	11885918	11886018	100
7478	18	11886118	11886218	100
7479	18	11886618	11886718	100
7480	18	11887218	11887418	200
7481	18	11887718	11888018	300
7482	18	11888218	11888318	100
7483	18	11888518	11888718	200
7484	18	11888818	11889218	400
7485	18	11889418	11889518	100
7486	18	11890718	11890818	100
7487	18	11890918	11891118	200
7488	18	11891218	11891318	100
7489	18	11891418	11891618	200
7490	18	11891818	11891918	100
7491	18	11892218	11892318	100
7492	18	11892418	11892518	100
7493	18	11893618	11893718	100
7494	18	11894518	11894618	100
7495	18	11895018	11895118	100
7496	18	11895518	11895618	100
7497	18	11896118	11896618	500
7498	18	11897018	11897418	400
7499	18	11897618	11897718	100
7500	18	11898118	11898318	200
7501	18	11898518	11898718	200
7502	18	11899318	11899518	200
7503	18	11899918	11900018	100
7504	18	11900118	11900318	200
7505	18	11900418	11900818	400
7506	18	11901418	11901518	100
7507	18	11901618	11901818	200
7508	18	11901918	11902018	100
7509	18	11902118	11902218	100
7510	18	11902318	11902618	300
7511	18	11902818	11902918	100
7512	18	11903118	11903218	100
7513	18	11904418	11904518	100
7514	18	11904818	11904918	100
7515	18	11905018	11905118	100
7516	18	11905418	11905718	300
7517	18	11906018	11906118	100
7518	18	11906418	11906518	100
7519	18	11907018	11907218	200
7520	18	11907818	11907918	100
7521	18	11908318	11908418	100
7522	18	11908818	11908918	100
7523	18	11909118	11909318	200
7524	18	11909618	11909718	100
7525	18	11909818	11909918	100
7526	18	11910018	11910118	100
7527	18	11910218	11910318	100
7528	18	11910518	11910818	300
7529	18	11911018	11911118	100
7530	18	11911518	11911918	400
7531	18	11912118	11912318	200
7532	18	11912518	11912718	200
7533	18	11912918	11913218	300
7534	18	11913418	11914318	900
7535	18	11914618	11914718	100
7536	18	11914818	11914918	100
7537	18	11915118	11915418	300
7538	18	11915618	11915818	200
7539	18	11917418	11917518	100
7540	18	11917618	11918018	400
7541	18	11918318	11918418	100
7542	18	11918518	11918618	100
7543	18	11920018	11920118	100
7544	18	11921118	11921218	100
7545	18	11921618	11921818	200
7546	18	11922018	11922118	100
7547	18	11922218	11922318	100
7548	18	11922418	11922618	200
7549	18	11922918	11923018	100
7550	18	11923318	11923518	200
7551	18	11923618	11923718	100
7552	18	11924218	11924318	100
7553	18	11924418	11924518	100
7554	18	11924618	11924718	100
7555	18	11924818	11925018	200
7556	18	11925418	11925518	100
7557	18	11925818	11925918	100
7558	18	11926318	11926518	200
7559	18	11927418	11927618	200
7560	18	11927718	11928218	500
7561	18	11928318	11928418	100
7562	18	11928918	11929018	100
7563	18	11930218	11930318	100
7564	18	11930618	11930918	300
7565	18	11931318	11931418	100
7566	18	11933718	11933818	100
7567	18	11933918	11934118	200
7568	18	11934518	11934718	200
7569	18	11934918	11935018	100
7570	18	11935118	11935218	100
7571	18	11935318	11935618	300
7572	18	11935918	11936418	500
7573	18	11936518	11936618	100
7574	18	11936818	11936918	100
7575	18	11937418	11937518	100
7576	18	11937918	11938118	200
7577	18	11938818	11938918	100
7578	18	11939618	11939718	100
7579	18	11939818	11939918	100
7580	18	11940018	11940218	200
7581	18	11940318	11940618	300
7582	18	11940718	11940818	100
7583	18	11940918	11941018	100
7584	18	11941118	11941618	500
7585	18	11941718	11941818	100
7586	18	11942018	11942118	100
7587	18	11942218	11942518	300
7588	18	11942618	11942818	200
7589	18	11943418	11943618	200
7590	18	11943918	11944018	100
7591	18	11944118	11944418	300
7592	18	11944518	11944718	200
7593	18	11944818	11945018	200
7594	18	11945918	11946118	200
7595	18	11946618	11946818	200
7596	18	11946918	11947118	200
7597	18	11947218	11947318	100
7598	18	11947418	11947518	100
7599	18	11947718	11947818	100
7600	18	11947918	11948318	400
7601	18	11948418	11948618	200
7602	18	11948718	11948818	100
7603	18	11949818	11949918	100
7604	18	11950018	11950118	100
7605	18	11951318	11951518	200
7606	18	11952218	11952418	200
7607	18	11953118	11953318	200
7608	18	11954018	11954218	200
7609	18	11954518	11954618	100
7610	18	11954718	11954918	200
7611	18	11955218	11955518	300
7612	18	11956318	11956518	200
7613	18	11957418	11957518	100
7614	18	11958618	11958718	100
7615	18	11960018	11960218	200
7616	18	11961018	11961118	100
7617	18	11961718	11961918	200
7618	18	11962118	11962318	200
7619	18	11962418	11962618	200
7620	18	11962818	11963018	200
7621	18	11963118	11963418	300
7622	18	11963918	11964118	200
7623	18	11964918	11965118	200
7624	18	11966318	11966418	100
7625	18	11966618	11966818	200
7626	18	11966918	11967318	400
7627	18	11967418	11967518	100
7628	18	11972118	11972218	100
7629	18	11972518	11972718	200
7630	18	11972818	11972918	100
7631	18	11973118	11973218	100
7632	18	11973818	11974318	500
7633	18	11974518	11974618	100
7634	18	11974718	11974818	100
7635	18	11975018	11975118	100
7636	18	11975218	11975418	200
7637	18	11975618	11975718	100
7638	18	11975918	11976018	100
7639	18	11976118	11976218	100
7640	18	11976718	11977018	300
7641	18	11977118	11977318	200
7642	18	11977818	11978118	300
7643	18	11978318	11978418	100
7644	18	11978618	11979118	500
7645	18	11979218	11979518	300
7646	18	11979818	11979918	100
7647	18	11980518	11980618	100
7648	18	11981118	11981218	100
7649	18	11981318	11981418	100
7650	18	11982018	11982118	100
7651	18	11982318	11982518	200
7652	18	11982718	11982818	100
7653	18	11982918	11983018	100
7654	18	11983318	11983418	100
7655	18	11983518	11983718	200
7656	18	11984018	11984118	100
7657	18	11985118	11985318	200
7658	18	11986918	11987018	100
7659	18	11987918	11988018	100
7660	18	11988618	11988718	100
7661	18	11989418	11989518	100
7662	18	11990018	11990118	100
7663	18	11990918	11991018	100
7664	18	11991118	11991218	100
7665	18	11991918	11992018	100
7666	18	11992118	11992218	100
7667	18	11992318	11992418	100
7668	18	11993018	11993118	100
7669	18	11993418	11993518	100
7670	18	11993618	11993718	100
7671	18	11993818	11993918	100
7672	18	11994018	11994418	400
7673	18	11994618	11995018	400
7674	18	11995118	11995218	100
7675	18	11995318	11995418	100
7676	18	11995518	11995718	200
7677	18	11995918	11996118	200
7678	18	11996218	11996418	200
7679	18	11996518	11996818	300
7680	18	11997118	11997218	100
7681	18	11997518	11997618	100
7682	18	11998118	11998218	100
7683	18	11998918	11999018	100
7684	18	11999618	11999718	100
7685	18	11999818	12000318	500
7686	18	12000818	12001218	400
7687	18	12002318	12002418	100
7688	18	12002718	12002918	200
7689	18	12003118	12003218	100
7690	18	12004518	12004618	100
7691	18	12005218	12005418	200
7692	18	12006618	12006718	100
7693	18	12006818	12006918	100
7694	18	12007418	12007618	200
7695	18	12007918	12008018	100
7696	18	12008218	12008318	100
7697	18	12008618	12008818	200
7698	18	12009218	12009318	100
7699	18	12011518	12011618	100
7700	18	12012418	12012518	100
7701	18	12012818	12012918	100
7702	18	12013018	12013118	100
7703	18	12014218	12014318	100
7704	18	12014418	12014518	100
7705	18	12014618	12015018	400
7706	18	12015118	12015218	100
7707	18	12015418	12015518	100
7708	18	12015818	12015918	100
7709	18	12018218	12018318	100
7710	18	12018618	12018918	300
7711	18	12019018	12019218	200
7712	18	12019318	12019418	100
7713	18	12019518	12019618	100
7714	18	12019818	12020018	200
7715	18	12020818	12021018	200
7716	18	12021718	12021818	100
7717	18	12022218	12022318	100
7718	18	12022618	12022718	100
7719	18	12023718	12023818	100
7720	18	12024318	12024418	100
7721	18	12026418	12026518	100
7722	18	12026618	12026718	100
7723	18	12027118	12027218	100
7724	18	12027718	12027818	100
7725	18	12028018	12028118	100
7726	18	12028418	12028818	400
7727	18	12031418	12031518	100
7728	18	12031618	12031818	200
7729	18	12036018	12036118	100
7730	18	12036318	12036418	100
7731	18	12036818	12036918	100
7732	18	12037118	12037518	400
7733	18	12037918	12038018	100
7734	18	12041518	12041718	200
7735	18	12041918	12042018	100
7736	18	12042118	12042518	400
7737	18	12042618	12042918	300
7738	18	12044518	12044618	100
7739	18	12045018	12045218	200
7740	18	12045318	12045418	100
7741	18	12046118	12046218	100
7742	18	12047918	12048118	200
7743	18	12048218	12048418	200
7744	18	12049218	12049518	300
7745	18	12049718	12049818	100
7746	18	12050618	12050718	100
7747	18	12050918	12051118	200
7748	18	12052418	12052518	100
7749	18	12052918	12053018	100
7750	18	12053118	12053218	100
7751	18	12053518	12053618	100
7752	18	12053718	12053818	100
7753	18	12055118	12055218	100
7754	18	12057218	12057318	100
7755	18	12057818	12057918	100
7756	18	12058018	12058218	200
7757	18	12058518	12058618	100
7758	18	12059818	12059918	100
7759	18	12060718	12060818	100
7760	18	12061518	12061618	100
7761	18	12061718	12061818	100
7762	18	12061918	12062018	100
7763	18	12062118	12062218	100
7764	18	12062318	12062718	400
7765	18	12062818	12062918	100
7766	18	12065418	12065518	100
7767	18	12066318	12066418	100
7768	18	12066818	12066918	100
7769	18	12067218	12067418	200
7770	18	12068318	12068418	100
7771	18	12068518	12068618	100
7772	18	12069418	12069518	100
7773	18	12069818	12069918	100
7774	18	12070118	12070318	200
7775	18	12071018	12071118	100
7776	18	12072318	12072418	100
7777	18	12072518	12073018	500
7778	18	12073118	12073218	100
7779	18	12073818	12073918	100
7780	18	12074218	12074318	100
7781	18	12075318	12075418	100
7782	18	12076318	12076518	200
7783	18	12076718	12076818	100
7784	18	12076918	12077118	200
7785	18	12077818	12077918	100
7786	18	12078718	12078818	100
7787	18	12079118	12079218	100
7788	18	12079418	12079518	100
7789	18	12079918	12080318	400
7790	18	12081018	12081318	300
7791	18	12082118	12082318	200
7792	18	12082418	12082718	300
7793	18	12083018	12083118	100
7794	18	12083318	12083618	300
7795	18	12083718	12083818	100
7796	18	12084118	12084218	100
7797	18	12084518	12084718	200
7798	18	12085618	12085818	200
7799	18	12088318	12088418	100
7800	18	12088518	12088718	200
7801	18	12090318	12090518	200
7802	18	12090618	12090818	200
7803	18	12090918	12091118	200
7804	18	12091418	12091518	100
7805	18	12096418	12096618	200
7806	18	12096818	12096918	100
7807	18	12098418	12098518	100
7808	18	12098818	12098918	100
7809	18	12099118	12099218	100
7810	18	12099518	12099618	100
7811	18	12099718	12099818	100
7812	18	12100218	12100318	100
7813	18	12100418	12100618	200
7814	18	12100818	12101018	200
7815	18	12101518	12101718	200
7816	18	12102218	12102518	300
7817	18	12103418	12103518	100
7818	18	12103618	12103718	100
7819	18	12103818	12104018	200
7820	18	12104318	12104418	100
7821	18	12105118	12105418	300
7822	18	12105518	12105818	300
7823	18	12105918	12106018	100
7824	18	12106718	12106818	100
7825	18	12107718	12107818	100
7826	18	12108918	12109218	300
7827	18	12109318	12109418	100
7828	18	12109518	12110118	600
7829	18	12110318	12110418	100
7830	18	12110718	12110818	100
7831	18	12110918	12111018	100
7832	18	12113318	12113418	100
7833	18	12113818	12114218	400
7834	18	12114918	12115018	100
7835	18	12115318	12115418	100
7836	18	12115718	12115818	100
7837	18	12116518	12116918	400
7838	18	12118918	12119018	100
7839	18	12119918	12120018	100
7840	18	12120318	12120518	200
7841	18	12121018	12121818	800
7842	18	12122418	12122518	100
7843	18	12123318	12123718	400
7844	18	12124018	12124218	200
7845	18	12126818	12126918	100
7846	18	12127318	12127418	100
7847	18	12128018	12128118	100
7848	18	12128418	12129418	1000
7849	18	12129518	12129618	100
7850	18	12129818	12129918	100
7851	18	12130918	12131018	100
7852	18	12131218	12131318	100
7853	18	12131918	12132018	100
7854	18	12133018	12133118	100
7855	18	12133218	12133418	200
7856	18	12133718	12133818	100
7857	18	12134318	12134418	100
7858	18	12134518	12134618	100
7859	18	12135418	12135518	100
7860	18	12136418	12136518	100
7861	18	12137018	12137118	100
7862	18	12137318	12137418	100
7863	18	12137918	12138018	100
7864	18	12138718	12138818	100
7865	18	12139418	12139518	100
7866	18	12139718	12139818	100
7867	18	12141718	12141918	200
7868	18	12142018	12142118	100
7869	18	12142218	12142718	500
7870	18	12142918	12143018	100
7871	18	12144118	12144218	100
7872	18	12145118	12145218	100
7873	18	12145718	12145818	100
7874	18	12147118	12147218	100
7875	18	12147518	12147618	100
7876	18	12147718	12147918	200
7877	18	12148718	12148818	100
7878	18	12149718	12149918	200
7879	18	12151718	12151818	100
7880	18	12152818	12152918	100
7881	18	12153318	12153518	200
7882	18	12153818	12154218	400
7883	18	12154318	12154418	100
7884	18	12154518	12154918	400
7885	18	12155118	12155518	400
7886	18	12155718	12155818	100
7887	18	12156218	12156318	100
7888	18	12157218	12157318	100
7889	18	12158518	12158718	200
7890	18	12159518	12159818	300
7891	18	12161918	12162018	100
7892	18	12163218	12163318	100
7893	18	12164318	12164418	100
7894	18	12164518	12164918	400
7895	18	12165018	12165118	100
7896	18	12165218	12165318	100
7897	18	12166318	12166418	100
7898	18	12166518	12166618	100
7899	18	12166718	12166818	100
7900	18	12167018	12167118	100
7901	18	12167318	12167418	100
7902	18	12167518	12167618	100
7903	18	12167918	12168118	200
7904	18	12168318	12169118	800
7905	18	12169218	12169418	200
7906	18	12169518	12169818	300
7907	18	12170218	12170318	100
7908	18	12170518	12170618	100
7909	18	12171118	12171218	100
7910	18	12171418	12171518	100
7911	18	12171618	12171718	100
7912	18	12172018	12172218	200
7913	18	12173218	12173318	100
7914	18	12173418	12174018	600
7915	18	12174318	12174618	300
7916	18	12175918	12176018	100
7917	18	12176618	12176718	100
7918	18	12176818	12176918	100
7919	18	12177118	12177318	200
7920	18	12178018	12178318	300
7921	18	12178418	12178818	400
7922	18	12178918	12179418	500
7923	18	12179618	12179718	100
7924	18	12179918	12180018	100
7925	18	12180318	12180618	300
7926	18	12180718	12181018	300
7927	18	12181118	12181218	100
7928	18	12182118	12182318	200
7929	18	12182418	12183218	800
7930	18	12183318	12183618	300
7931	18	12184018	12184118	100
7932	18	12184218	12184318	100
7933	18	12184418	12184518	100
7934	18	12185118	12185618	500
7935	18	12187118	12187318	200
7936	18	12187518	12187618	100
7937	18	12188118	12188418	300
7938	18	12188718	12189118	400
7939	18	12189218	12189518	300
7940	18	12189718	12189818	100
7941	18	12190118	12190218	100
7942	18	12190318	12190518	200
7943	18	12190818	12191318	500
7944	18	12191618	12191718	100
7945	18	12191818	12191918	100
7946	18	12192018	12192318	300
7947	18	12192818	12192918	100
7948	18	12193318	12193418	100
7949	18	12193518	12193618	100
7950	18	12193918	12194018	100
7951	18	12194518	12194618	100
7952	18	12194718	12194918	200
7953	18	12195018	12195618	600
7954	18	12195718	12195918	200
7955	18	12196018	12196218	200
7956	18	12196418	12196518	100
7957	18	12196918	12197018	100
7958	18	12198118	12198218	100
7959	18	12199318	12199818	500
7960	18	12200018	12200218	200
7961	18	12200418	12200518	100
7962	18	12200618	12200718	100
7963	18	12200818	12201018	200
7964	18	12201118	12201218	100
7965	18	12201418	12201518	100
7966	18	12201618	12201818	200
7967	18	12202218	12202518	300
7968	18	12202818	12202918	100
7969	18	12203218	12203318	100
7970	18	12203518	12203618	100
7971	18	12203918	12204018	100
7972	18	12204118	12204818	700
7973	18	12205218	12205318	100
7974	18	12205918	12206118	200
7975	18	12206718	12206818	100
7976	18	12207218	12207618	400
7977	18	12208018	12208118	100
7978	18	12208218	12208318	100
7979	18	12208618	12208718	100
7980	18	12208818	12208918	100
7981	18	12209518	12209618	100
7982	18	12209718	12210018	300
7983	18	12210618	12210718	100
7984	18	12211218	12211318	100
7985	18	12211418	12211818	400
7986	18	12212118	12212418	300
7987	18	12212618	12212718	100
7988	18	12212818	12212918	100
7989	18	12213518	12213918	400
7990	18	12214318	12215018	700
7991	18	12215418	12215518	100
7992	18	12216118	12216618	500
7993	18	12216918	12217018	100
7994	18	12217218	12217318	100
7995	18	12218018	12218218	200
7996	18	12218518	12218718	200
7997	18	12218818	12218918	100
7998	18	12219618	12219718	100
7999	18	12220018	12220118	100
8000	18	12220218	12220318	100
8001	18	12220818	12220918	100
8002	18	12221218	12221318	100
8003	18	12221518	12221918	400
8004	18	12222018	12222218	200
8005	18	12222418	12222618	200
8006	18	12222718	12222818	100
8007	18	12223318	12223418	100
8008	18	12224118	12224218	100
8009	18	12224318	12224418	100
8010	18	12224518	12224618	100
8011	18	12224718	12224818	100
8012	18	12224918	12225018	100
8013	18	12225118	12225218	100
8014	18	12225318	12225418	100
8015	18	12225518	12225818	300
8016	18	12226018	12226318	300
8017	18	12226618	12226718	100
8018	18	12226918	12227118	200
8019	18	12227318	12227418	100
8020	18	12227818	12228118	300
8021	18	12228918	12229018	100
8022	18	12229118	12229518	400
8023	18	12229618	12229818	200
8024	18	12229918	12230018	100
8025	18	12230118	12230518	400
8026	18	12230818	12230918	100
8027	18	12231018	12231118	100
8028	18	12231318	12231418	100
8029	18	12231518	12231618	100
8030	18	12231718	12231818	100
8031	18	12232718	12233018	300
8032	18	12233118	12233218	100
8033	18	12233518	12233618	100
8034	18	12233918	12234018	100
8035	18	12234318	12235318	1000
8036	18	12235518	12235618	100
8037	18	12235718	12236718	1000
8038	18	12236818	12236918	100
8039	18	12237018	12237218	200
8040	18	12237618	12237718	100
8041	18	12238718	12238818	100
8042	18	12239018	12239518	500
8043	18	12239718	12239818	100
8044	18	12239918	12240018	100
8045	18	12241818	12241918	100
8046	18	12242318	12242418	100
8047	18	12243318	12243418	100
8048	18	12243918	12244018	100
8049	18	12247018	12247118	100
8050	18	12251118	12251218	100
8051	18	12251518	12251718	200
8052	18	12253518	12253618	100
8053	18	12253718	12253818	100
8054	18	12254718	12254818	100
8055	18	12254918	12255018	100
8056	18	12255618	12255818	200
8057	18	12256018	12256218	200
8058	18	12256418	12256618	200
8059	18	12256918	12257018	100
8060	18	12257218	12257318	100
8061	18	12258418	12258618	200
8062	18	12258818	12258918	100
8063	18	12260118	12260218	100
8064	18	12260718	12261018	300
8065	18	12261118	12261318	200
8066	18	12261518	12261718	200
8067	18	12261918	12262018	100
8068	18	12262318	12262418	100
8069	18	12262618	12262818	200
8070	18	12266918	12267018	100
8071	18	12267718	12267918	200
8072	18	12268018	12268218	200
8073	18	12268318	12268718	400
8074	18	12268818	12269118	300
8075	18	12269318	12269418	100
8076	18	12269818	12270118	300
8077	18	12270218	12270318	100
8078	18	12270418	12270518	100
8079	18	12270618	12270718	100
8080	18	12271218	12271518	300
8081	18	12271618	12271718	100
8082	18	12272518	12272618	100
8083	18	12272818	12272918	100
8084	18	12274318	12274418	100
8085	18	12274718	12275018	300
8086	18	12275118	12275518	400
8087	18	12275618	12275718	100
8088	18	12276518	12276818	300
8089	18	12277018	12277118	100
8090	18	12277218	12277318	100
8091	18	12277718	12277818	100
8092	18	12278118	12278218	100
8093	18	12278418	12278618	200
8094	18	12278718	12278918	200
8095	18	12279018	12279218	200
8096	18	12279318	12279418	100
8097	18	12279718	12279818	100
8098	18	12280018	12280118	100
8099	18	12280318	12280518	200
8100	18	12280618	12280718	100
8101	18	12283618	12283818	200
8102	18	12284718	12284818	100
8103	18	12285118	12285318	200
8104	18	12286018	12286118	100
8105	18	12286418	12286618	200
8106	18	12287218	12287318	100
8107	18	12288118	12288218	100
8108	18	12288718	12288818	100
8109	18	12288918	12289518	600
8110	18	12290218	12290418	200
8111	18	12290618	12290818	200
8112	18	12291318	12291518	200
8113	18	12293618	12293718	100
8114	18	12294018	12294118	100
8115	18	12294318	12294418	100
8116	18	12294618	12294718	100
8117	18	12294818	12295018	200
8118	18	12295118	12295318	200
8119	18	12295818	12295918	100
8120	18	12296318	12296418	100
8121	18	12297818	12297918	100
8122	18	12298018	12298118	100
8123	18	12299418	12299518	100
8124	18	12299718	12299818	100
8125	18	12300218	12300318	100
8126	18	12300418	12300518	100
8127	18	12300618	12300718	100
8128	18	12301418	12301518	100
8129	18	12301718	12301818	100
8130	18	12301918	12302018	100
8131	18	12302218	12302318	100
8132	18	12302418	12302518	100
8133	18	12304318	12304418	100
8134	18	12305218	12305918	700
8135	18	12306618	12306718	100
8136	18	12307318	12307418	100
8137	18	12308318	12308418	100
8138	18	12309518	12309618	100
8139	18	12309918	12310118	200
8140	18	12311318	12311418	100
8141	18	12311918	12312018	100
8142	18	12313618	12313718	100
8143	18	12313918	12314018	100
8144	18	12315118	12315218	100
8145	18	12315318	12315418	100
8146	18	12315718	12315818	100
8147	18	12316418	12316618	200
8148	18	12317018	12317118	100
8149	18	12317418	12317518	100
8150	18	12317818	12317918	100
8151	18	12318018	12318118	100
8152	18	12318218	12318318	100
8153	18	12318718	12318818	100
8154	18	12318918	12319018	100
8155	18	12319218	12319318	100
8156	18	12319818	12320118	300
8157	18	12320718	12320818	100
8158	18	12320918	12321218	300
8159	18	12323218	12323318	100
8160	18	12323418	12323518	100
8161	18	12324218	12324318	100
8162	18	12329218	12329318	100
8163	18	12329418	12329518	100
8164	18	12329618	12329718	100
8165	18	12331118	12331218	100
8166	18	12332618	12332718	100
8167	18	12332918	12333018	100
8168	18	12333318	12334518	1200
8169	18	12334618	12334718	100
8170	18	12334818	12335018	200
8171	18	12335618	12335718	100
8172	18	12335818	12336118	300
8173	18	12337018	12337118	100
8174	18	12337418	12337518	100
8175	18	12338418	12338518	100
8176	18	12343518	12343618	100
8177	18	12343718	12343818	100
8178	18	12346218	12346318	100
8179	18	12346818	12346918	100
8180	18	12347218	12347418	200
8181	18	12347818	12347918	100
8182	18	12348718	12348818	100
8183	18	12349518	12349618	100
8184	18	12349918	12350418	500
8185	18	12351018	12351118	100
8186	18	12358018	12358218	200
8187	18	12358418	12358518	100
8188	18	12359018	12359318	300
8189	18	12359418	12359618	200
8190	18	12359818	12359918	100
8191	18	12360018	12360118	100
8192	18	12360218	12360318	100
8193	18	12360418	12360718	300
8194	18	12361318	12361518	200
8195	18	12361718	12361818	100
8196	18	12361918	12362018	100
8197	18	12362618	12362918	300
8198	18	12363118	12363218	100
8199	18	12363318	12363418	100
8200	18	12363918	12364018	100
8201	18	12364118	12364318	200
8202	18	12364718	12365218	500
8203	18	12367318	12367518	200
8204	18	12368518	12368618	100
8205	18	12368718	12368918	200
8206	18	12369018	12369118	100
8207	18	12369318	12369618	300
8208	18	12369718	12369818	100
8209	18	12370718	12370818	100
8210	18	12371118	12371218	100
8211	18	12372418	12372518	100
8212	18	12373118	12373318	200
8213	18	12374618	12374718	100
8214	18	12379818	12379918	100
8215	18	12381818	12382018	200
8216	18	12382618	12382818	200
8217	18	12383718	12383918	200
8218	18	12384018	12384118	100
8219	18	12384318	12384418	100
8220	18	12384918	12385218	300
8221	18	12385318	12385818	500
8222	18	12385918	12386118	200
8223	18	12388318	12388418	100
8224	18	12388718	12388918	200
8225	18	12389018	12389118	100
8226	18	12389518	12389618	100
8227	18	12390418	12390618	200
8228	18	12390818	12391018	200
8229	18	12392518	12392618	100
8230	18	12393218	12393318	100
8231	18	12393618	12393718	100
8232	18	12395018	12395118	100
8233	18	12395418	12395518	100
8234	18	12395618	12395718	100
8235	18	12395818	12396018	200
8236	18	12396218	12396518	300
8237	18	12397418	12397818	400
8238	18	12399618	12399718	100
8239	18	12399918	12400118	200
8240	18	12401218	12401318	100
8241	18	12401418	12401618	200
8242	18	12402118	12402218	100
8243	18	12402818	12402918	100
8244	18	12403318	12403418	100
8245	18	12404018	12404118	100
8246	18	12404318	12404418	100
8247	18	12404518	12404618	100
8248	18	12404918	12405318	400
8249	18	12405618	12405718	100
8250	18	12405818	12406118	300
8251	18	12406318	12406418	100
8252	18	12406918	12407018	100
8253	18	12407318	12407418	100
8254	18	12407918	12408018	100
8255	18	12409618	12409918	300
8256	18	12410118	12410218	100
8257	18	12410318	12410418	100
8258	18	12410518	12410618	100
8259	18	12412118	12412218	100
8260	18	12412418	12412518	100
8261	18	12413718	12413818	100
8262	18	12414218	12414318	100
8263	18	12414418	12414718	300
8264	18	12414818	12414918	100
8265	18	12415418	12415518	100
8266	18	12417118	12417218	100
8267	18	12417418	12417618	200
8268	18	12417818	12417918	100
8269	18	12418118	12418218	100
8270	18	12418318	12418618	300
8271	18	12419118	12419218	100
8272	18	12419318	12419418	100
8273	18	12419818	12419918	100
8274	18	12420918	12421018	100
8275	18	12421318	12421418	100
8276	18	12421618	12421818	200
8277	18	12423318	12423418	100
8278	18	12423518	12423618	100
8279	18	12423718	12423818	100
8280	18	12424018	12424118	100
8281	18	12425018	12425318	300
8282	18	12425418	12425518	100
8283	18	12426918	12427018	100
8284	18	12427118	12427218	100
8285	18	12427318	12427418	100
8286	18	12427718	12427818	100
8287	18	12428518	12428618	100
8288	18	12429018	12429218	200
8289	18	12429318	12429418	100
8290	18	12429918	12430018	100
8291	18	12430318	12430818	500
8292	18	12430918	12431118	200
8293	18	12431218	12431318	100
8294	18	12432218	12432418	200
8295	18	12432918	12433018	100
8296	18	12433318	12433418	100
8297	18	12433918	12434118	200
8298	18	12434418	12434518	100
8299	18	12435418	12435518	100
8300	18	12435618	12435718	100
8301	18	12436018	12436218	200
8302	18	12436318	12436518	200
8303	18	12436718	12436818	100
8304	18	12437018	12437118	100
8305	18	12437418	12437618	200
8306	18	12437818	12437918	100
8307	18	12438518	12438718	200
8308	18	12438818	12439518	700
8309	18	12439618	12439718	100
8310	18	12439818	12440018	200
8311	18	12440118	12440318	200
8312	18	12440518	12440718	200
8313	18	12441018	12441218	200
8314	18	12441618	12441718	100
8315	18	12448118	12448218	100
8316	18	12448818	12448918	100
8317	18	12450418	12450518	100
8318	18	12451318	12451518	200
8319	18	12452118	12452218	100
8320	18	12454318	12454518	200
8321	18	12455018	12455218	200
8322	18	12456118	12456218	100
8323	18	12456718	12456918	200
8324	18	12457718	12457818	100
8325	18	12458118	12458218	100
8326	18	12458618	12459518	900
8327	18	12460518	12460618	100
8328	18	12460818	12460918	100
8329	18	12461518	12461718	200
8330	18	12462118	12462318	200
8331	18	12462718	12462818	100
8332	18	12462918	12463018	100
8333	18	12463218	12463318	100
8334	18	12464918	12465118	200
8335	18	12465318	12465518	200
8336	18	12465618	12465718	100
8337	18	12465818	12466018	200
8338	18	12466118	12466218	100
8339	18	12466818	12466918	100
8340	18	12467218	12467318	100
8341	18	12467618	12467718	100
8342	18	12467918	12468118	200
8343	18	12468218	12468318	100
8344	18	12470318	12470418	100
8345	18	12470918	12471118	200
8346	18	12471418	12471518	100
8347	18	12471618	12471718	100
8348	18	12472218	12472318	100
8349	18	12472418	12472618	200
8350	18	12473118	12473218	100
8351	18	12473318	12473418	100
8352	18	12473518	12473918	400
8353	18	12474518	12474618	100
8354	18	12476618	12476718	100
8355	18	12476818	12476918	100
8356	18	12477518	12477718	200
8357	18	12478218	12478318	100
8358	18	12478618	12478718	100
8359	18	12479118	12479218	100
8360	18	12479518	12479718	200
8361	18	12479818	12480018	200
8362	18	12480118	12480618	500
8363	18	12480918	12481218	300
8364	18	12481518	12481818	300
8365	18	12482018	12482118	100
8366	18	12482318	12482418	100
8367	18	12482718	12482918	200
8368	18	12483118	12483418	300
8369	18	12483718	12484018	300
8370	18	12484218	12484518	300
8371	18	12485518	12485618	100
8372	18	12485918	12486318	400
8373	18	12486418	12486518	100
8374	18	12487218	12487318	100
8375	18	12488818	12488918	100
8376	18	12489218	12489318	100
8377	18	12489818	12489918	100
8378	18	12490618	12490918	300
8379	18	12495518	12495618	100
8380	18	12495818	12496018	200
8381	18	12496318	12496518	200
8382	18	12496718	12496818	100
8383	18	12497218	12497318	100
8384	18	12497818	12498218	400
8385	18	12498418	12498618	200
8386	18	12498718	12499018	300
8387	18	12499118	12499318	200
8388	18	12499718	12499918	200
8389	18	12500918	12501118	200
8390	18	12501618	12501718	100
8391	18	12502318	12502418	100
8392	18	12502918	12503418	500
8393	18	12503918	12504618	700
8394	18	12505218	12505318	100
8395	18	12505718	12505818	100
8396	18	12506318	12506518	200
8397	18	12507618	12507718	100
8398	18	12508618	12508718	100
8399	18	12510218	12510318	100
8400	18	12510418	12510518	100
8401	18	12511018	12511118	100
8402	18	12511218	12511318	100
8403	18	12511418	12511518	100
8404	18	12511618	12511718	100
8405	18	12511818	12511918	100
8406	18	12512018	12512118	100
8407	18	12512218	12512318	100
8408	18	12512518	12512718	200
8409	18	12513118	12513218	100
8410	18	12513418	12513518	100
8411	18	12513618	12513818	200
8412	18	12514818	12514918	100
8413	18	12515418	12515518	100
8414	18	12516218	12516418	200
8415	18	12517418	12517818	400
8416	18	12518018	12518118	100
8417	18	12518218	12518318	100
8418	18	12518518	12518618	100
8419	18	12519218	12519318	100
8420	18	12519718	12520018	300
8421	18	12522818	12522918	100
8422	18	12523318	12523518	200
8423	18	12524018	12524118	100
8424	18	12524218	12524318	100
8425	18	12524418	12524518	100
8426	18	12525018	12525318	300
8427	18	12525518	12525618	100
8428	18	12525718	12525818	100
8429	18	12525918	12526018	100
8430	18	12526518	12526618	100
8431	18	12526718	12526818	100
8432	18	12527318	12527418	100
8433	18	12527618	12527718	100
8434	18	12528118	12528218	100
8435	18	12528318	12528918	600
8436	18	12529218	12529518	300
8437	18	12529618	12529718	100
8438	18	12529818	12530018	200
8439	18	12531618	12531718	100
8440	18	12532018	12532218	200
8441	18	12535818	12536118	300
8442	18	12536218	12536318	100
8443	18	12536418	12536518	100
8444	18	12536618	12536918	300
8445	18	12537018	12537118	100
8446	18	12538018	12538118	100
8447	18	12538218	12538318	100
8448	18	12538618	12538718	100
8449	18	12539818	12539918	100
8450	18	12540618	12540718	100
8451	18	12542018	12542118	100
8452	18	12542918	12543018	100
8453	18	12543318	12543418	100
8454	18	12543618	12543718	100
8455	18	12545318	12545518	200
8456	18	12545618	12545718	100
8457	18	12546218	12546318	100
8458	18	12546418	12546618	200
8459	18	12546718	12546818	100
8460	18	12549418	12549518	100
8461	18	12550418	12550618	200
8462	18	12551618	12551718	100
8463	18	12552018	12552118	100
8464	18	12552418	12552518	100
8465	18	12552818	12552918	100
8466	18	12553118	12553318	200
8467	18	12553918	12554218	300
8468	18	12555118	12555218	100
8469	18	12555418	12555518	100
8470	18	12556618	12556718	100
8471	18	12557018	12557118	100
8472	18	12557718	12557818	100
8473	18	12561718	12561818	100
8474	18	12562818	12562918	100
8475	18	12563918	12564118	200
8476	18	12565218	12565318	100
8477	18	12565418	12565618	200
8478	18	12566018	12566118	100
8479	18	12566418	12567018	600
8480	18	12567118	12567218	100
8481	18	12567318	12567418	100
8482	18	12567618	12567818	200
8483	18	12567918	12568118	200
8484	18	12568218	12568518	300
8485	18	12569118	12569318	200
8486	18	12569618	12569718	100
8487	18	12569818	12570018	200
8488	18	12570118	12570218	100
8489	18	12570618	12570718	100
8490	18	12571318	12571418	100
8491	18	12571818	12571918	100
8492	18	12572418	12572518	100
8493	18	12573718	12573918	200
8494	18	12574318	12574418	100
8495	18	12574618	12574918	300
8496	18	12575018	12575118	100
8497	18	12575418	12575618	200
8498	18	12576918	12577118	200
8499	18	12577218	12577318	100
8500	18	12577418	12577518	100
8501	18	12578018	12578218	200
8502	18	12578518	12578618	100
8503	18	12579918	12580018	100
8504	18	12580118	12580218	100
8505	18	12581218	12581518	300
8506	18	12581918	12582018	100
8507	18	12582318	12582518	200
8508	18	12584018	12584118	100
8509	18	12584618	12584818	200
8510	18	12585018	12585118	100
8511	18	12585318	12585418	100
8512	18	12586118	12586218	100
8513	18	12586618	12586818	200
8514	18	12587218	12587318	100
8515	18	12587518	12587618	100
8516	18	12587918	12588218	300
8517	18	12589518	12589618	100
8518	18	12589818	12590018	200
8519	18	12590118	12590218	100
8520	18	12590818	12590918	100
8521	18	12591418	12591518	100
8522	18	12592018	12592118	100
8523	18	12593618	12593718	100
8524	18	12594218	12594318	100
8525	18	12594418	12594518	100
8526	18	12595118	12595218	100
8527	18	12596118	12596218	100
8528	18	12596318	12596418	100
8529	18	12596518	12596618	100
8530	18	12596818	12596918	100
8531	18	12597118	12597318	200
8532	18	12598918	12599018	100
8533	18	12599118	12599418	300
8534	18	12599718	12600118	400
8535	18	12600318	12600418	100
8536	18	12600718	12600818	100
8537	18	12602518	12602818	300
8538	18	12603818	12603918	100
8539	18	12604118	12604218	100
8540	18	12604318	12604418	100
8541	18	12604818	12605118	300
8542	18	12605218	12605318	100
8543	18	12605418	12605518	100
8544	18	12605818	12605918	100
8545	18	12607318	12607418	100
8546	18	12607518	12607718	200
8547	18	12607818	12608018	200
8548	18	12608118	12608218	100
8549	18	12608418	12608718	300
8550	18	12608918	12609018	100
8551	18	12609318	12609418	100
8552	18	12609518	12609618	100
8553	18	12609718	12609818	100
8554	18	12610618	12610718	100
8555	18	12611118	12611218	100
8556	18	12611518	12611718	200
8557	18	12612318	12612718	400
8558	18	12612918	12613118	200
8559	18	12613518	12613618	100
8560	18	12614018	12614118	100
8561	18	12614418	12614518	100
8562	18	12614718	12614818	100
8563	18	12614918	12615018	100
8564	18	12616918	12617118	200
8565	18	12617218	12617318	100
8566	18	12617518	12617618	100
8567	18	12617818	12617918	100
8568	18	12618118	12618218	100
8569	18	12618518	12618718	200
8570	18	12618818	12618918	100
8571	18	12621818	12621918	100
8572	18	12625218	12625818	600
8573	18	12626018	12626218	200
8574	18	12627318	12627818	500
8575	18	12628018	12628118	100
8576	18	12628618	12628818	200
8577	18	12629318	12629418	100
8578	18	12629618	12629818	200
8579	18	12629918	12630118	200
8580	18	12630618	12630718	100
8581	18	12630918	12631118	200
8582	18	12632018	12632118	100
8583	18	12632218	12632318	100
8584	18	12632618	12632718	100
8585	18	12634918	12635018	100
8586	18	12635118	12635218	100
8587	18	12635918	12636018	100
8588	18	12636118	12636218	100
8589	18	12636918	12637018	100
8590	18	12637118	12637218	100
8591	18	12637418	12637518	100
8592	18	12637818	12638018	200
8593	18	12638118	12638318	200
8594	18	12638518	12638618	100
8595	18	12639118	12639218	100
8596	18	12639318	12639518	200
8597	18	12639718	12639818	100
8598	18	12640018	12640118	100
8599	18	12640518	12640618	100
8600	18	12642418	12642518	100
8601	18	12643118	12643718	600
8602	18	12643918	12645318	1400
8603	18	12645718	12646118	400
8604	18	12646218	12646318	100
8605	18	12646418	12646618	200
8606	18	12646918	12647018	100
8607	18	12647218	12647518	300
8608	18	12647818	12648018	200
8609	18	12648118	12648218	100
8610	18	12649618	12649718	100
8611	18	12649818	12649918	100
8612	18	12650418	12650518	100
8613	18	12650618	12650818	200
8614	18	12651018	12651318	300
8615	18	12651418	12651618	200
8616	18	12651718	12651818	100
8617	18	12652618	12652718	100
8618	18	12653618	12653718	100
8619	18	12653918	12654418	500
8620	18	12654618	12654718	100
8621	18	12654918	12655018	100
8622	18	12655218	12655318	100
8623	18	12655718	12655818	100
8624	18	12656618	12656818	200
8625	18	12657018	12657518	500
8626	18	12657618	12657718	100
8627	18	12659018	12659418	400
8628	18	12659518	12659618	100
8629	18	12659718	12659818	100
8630	18	12660118	12660318	200
8631	18	12660518	12661018	500
8632	18	12661418	12661818	400
8633	18	12662018	12662318	300
8634	18	12664218	12664318	100
8635	18	12664418	12664518	100
8636	18	12665018	12665118	100
8637	18	12667218	12667318	100
8638	18	12667618	12667718	100
8639	18	12667818	12667918	100
8640	18	12668018	12668118	100
8641	18	12669118	12669218	100
8642	18	12669418	12669518	100
8643	18	12669618	12669718	100
8644	18	12670018	12670218	200
8645	18	12670518	12670618	100
8646	18	12671218	12671318	100
8647	18	12671718	12672318	600
8648	18	12672618	12672818	200
8649	18	12672918	12673118	200
8650	18	12673718	12673818	100
8651	18	12673918	12674018	100
8652	18	12674518	12674618	100
8653	18	12674718	12674818	100
8654	18	12675518	12675718	200
8655	18	12676618	12676718	100
8656	18	12677418	12677718	300
8657	18	12677818	12678118	300
8658	18	12678218	12678318	100
8659	18	12679218	12679318	100
8660	18	12680918	12681018	100
8661	18	12681618	12681718	100
8662	18	12682118	12682218	100
8663	18	12682318	12682718	400
8664	18	12682918	12683118	200
8665	18	12683218	12683618	400
8666	18	12684418	12684518	100
8667	18	12685418	12685518	100
8668	18	12685718	12686118	400
8669	18	12686418	12686518	100
8670	18	12687118	12687318	200
8671	18	12687418	12687518	100
8672	18	12687618	12687918	300
8673	18	12688218	12688518	300
8674	18	12688718	12688818	100
8675	18	12689618	12689818	200
8676	18	12690018	12690118	100
8677	18	12690218	12690318	100
8678	18	12691418	12691518	100
8679	18	12691818	12692018	200
8680	18	12692218	12692818	600
8681	18	12693918	12694018	100
8682	18	12694118	12694418	300
8683	18	12694918	12695118	200
8684	18	12695418	12695618	200
8685	18	12695718	12695818	100
8686	18	12696018	12696118	100
8687	18	12696518	12696718	200
8688	18	12696818	12696918	100
8689	18	12697418	12697518	100
8690	18	12697818	12698018	200
8691	18	12698118	12698318	200
8692	18	12698418	12698518	100
8693	18	12698618	12698718	100
8694	18	12698918	12699018	100
8695	18	12699118	12699218	100
8696	18	12699418	12699618	200
8697	18	12699718	12699818	100
8698	18	12700318	12700418	100
8699	18	12700918	12701018	100
8700	18	12701118	12701218	100
8701	18	12701618	12701818	200
8702	18	12701918	12702318	400
8703	18	12702518	12702718	200
8704	18	12703218	12703418	200
8705	18	12703518	12703718	200
8706	18	12706618	12706718	100
8707	18	12707718	12707818	100
8708	18	12709418	12709518	100
8709	18	12709818	12709918	100
8710	18	12710018	12710118	100
8711	18	12710718	12710818	100
8712	18	12711318	12711518	200
8713	18	12711618	12711718	100
8714	18	12711818	12712018	200
8715	18	12714018	12714318	300
8716	18	12714418	12714818	400
8717	18	12715618	12715718	100
8718	18	12715818	12716018	200
8719	18	12716118	12716318	200
8720	18	12716718	12716818	100
8721	18	12716918	12717318	400
8722	18	12717818	12717918	100
8723	18	12718218	12718318	100
8724	18	12718518	12718718	200
8725	18	12718918	12719018	100
8726	18	12719318	12719418	100
8727	18	12719518	12719718	200
8728	18	12719918	12720018	100
8729	18	12720618	12720918	300
8730	18	12721018	12721318	300
8731	18	12721418	12721518	100
8732	18	12721618	12721718	100
8733	18	12722218	12722318	100
8734	18	12722518	12722618	100
8735	18	12723218	12723318	100
8736	18	12723418	12723518	100
8737	18	12724418	12724518	100
8738	18	12724818	12725018	200
8739	18	12725318	12725418	100
8740	18	12725518	12725918	400
8741	18	12726418	12726618	200
8742	18	12726718	12726918	200
8743	18	12727218	12727318	100
8744	18	12727418	12727918	500
8745	18	12728218	12728618	400
8746	18	12728818	12729018	200
8747	18	12729318	12729418	100
8748	18	12729618	12729818	200
8749	18	12729918	12730418	500
8750	18	12731018	12731918	900
8751	18	12732918	12733518	600
8752	18	12733618	12733818	200
8753	18	12734418	12734518	100
8754	18	12734718	12735218	500
8755	18	12735518	12735618	100
8756	18	12736118	12736418	300
8757	18	12736718	12736818	100
8758	18	12737318	12737418	100
8759	18	12737718	12737918	200
8760	18	12738118	12738218	100
8761	18	12738618	12738718	100
8762	18	12740518	12740918	400
8763	18	12741118	12741918	800
8764	18	12743618	12743718	100
8765	18	12745918	12746018	100
8766	18	12746518	12746618	100
8767	18	12747518	12747618	100
8768	18	12747818	12748018	200
8769	18	12748318	12748418	100
8770	18	12749118	12749218	100
8771	18	12749418	12749618	200
8772	18	12750018	12750118	100
8773	18	12750918	12751218	300
8774	18	12751518	12751618	100
8775	18	12751818	12751918	100
8776	18	12752218	12752818	600
8777	18	12753018	12753318	300
8778	18	12753518	12753718	200
8779	18	12754018	12754218	200
8780	18	12754418	12754518	100
8781	18	12754818	12754918	100
8782	18	12755218	12755318	100
8783	18	12755918	12756118	200
8784	18	12756218	12756318	100
8785	18	12756518	12756718	200
8786	18	12757618	12757718	100
8787	18	12758118	12758218	100
8788	18	12758718	12760118	1400
8789	18	12760318	12761018	700
8790	18	12761518	12761618	100
8791	18	12761718	12761818	100
8792	18	12762518	12762618	100
8793	18	12762718	12762818	100
8794	18	12762918	12763118	200
8795	18	12763218	12763818	600
8796	18	12764918	12765118	200
8797	18	12765418	12765518	100
8798	18	12765718	12765818	100
8799	18	12765918	12766018	100
8800	18	12766518	12766918	400
8801	18	12767118	12767218	100
8802	18	12767518	12767618	100
8803	18	12768518	12768718	200
8804	18	12769418	12769518	100
8805	18	12769818	12769918	100
8806	18	12770118	12770218	100
8807	18	12771318	12771418	100
8808	18	12771518	12771618	100
8809	18	12772818	12772918	100
8810	18	12773018	12773318	300
8811	18	12773618	12773718	100
8812	18	12773818	12774018	200
8813	18	12775518	12775618	100
8814	18	12775818	12775918	100
8815	18	12776018	12776118	100
8816	18	12776418	12776518	100
8817	18	12776618	12776718	100
8818	18	12778118	12778218	100
8819	18	12778818	12779018	200
8820	18	12779818	12780018	200
8821	18	12782218	12782318	100
8822	18	12782418	12782718	300
8823	18	12782818	12783318	500
8824	18	12783518	12783718	200
8825	18	12783918	12784018	100
8826	18	12784218	12784318	100
8827	18	12784918	12785018	100
8828	18	12785118	12785218	100
8829	18	12785718	12785918	200
8830	18	12787618	12787718	100
8831	18	12787818	12788318	500
8832	18	12789018	12789218	200
8833	18	12789718	12789818	100
8834	18	12790718	12790818	100
8835	18	12791318	12791518	200
8836	18	12791618	12791718	100
8837	18	12792018	12792218	200
8838	18	12792318	12792418	100
8839	18	12792618	12792718	100
8840	18	12792818	12793418	600
8841	18	12793818	12794018	200
8842	18	12794518	12794718	200
8843	18	12797918	12798018	100
8844	18	12798418	12798518	100
8845	18	12798818	12798918	100
8846	18	12799218	12799518	300
8847	18	12800418	12800518	100
8848	18	12800618	12800718	100
8849	18	12801118	12801218	100
8850	18	12801718	12801818	100
8851	18	12802318	12802418	100
8852	18	12803818	12804118	300
8853	18	12804918	12805218	300
8854	18	12805918	12806018	100
8855	18	12806518	12806618	100
8856	18	12806818	12806918	100
8857	18	12807118	12807218	100
8858	18	12807618	12807718	100
8859	18	12807918	12808118	200
8860	18	12808218	12808318	100
8861	18	12808418	12808918	500
8862	18	12809018	12809318	300
8863	18	12809418	12809518	100
8864	18	12809618	12809918	300
8865	18	12810318	12810418	100
8866	18	12810518	12810618	100
8867	18	12811218	12811318	100
8868	18	12812518	12812718	200
8869	18	12813518	12813618	100
8870	18	12814118	12814218	100
8871	18	12814818	12814918	100
8872	18	12815418	12815618	200
8873	18	12817518	12817618	100
8874	18	12818218	12818318	100
8875	18	12819118	12819818	700
8876	18	12820418	12820718	300
8877	18	12820918	12821118	200
8878	18	12821418	12821518	100
8879	18	12822218	12822518	300
8880	18	12823018	12823118	100
8881	18	12824018	12824118	100
8882	18	12824218	12824318	100
8883	18	12825518	12825618	100
8884	18	12825718	12825818	100
8885	18	12826818	12826918	100
8886	18	12827018	12827118	100
8887	18	12828418	12828518	100
8888	18	12828718	12828818	100
8889	18	12832318	12832418	100
8890	18	12832918	12833018	100
8891	18	12833318	12833418	100
8892	18	12833718	12833918	200
8893	18	12834018	12834118	100
8894	18	12834718	12834818	100
8895	18	12836018	12836118	100
8896	18	12836618	12836718	100
8897	18	12836918	12837018	100
8898	18	12837918	12838018	100
8899	18	12838118	12838218	100
8900	18	12838318	12838418	100
8901	18	12839118	12839218	100
8902	18	12840118	12840418	300
8903	18	12840618	12840918	300
8904	18	12841418	12841518	100
8905	18	12842218	12842318	100
8906	18	12842518	12842618	100
8907	18	12843218	12843418	200
8908	18	12845318	12846118	800
8909	18	12846918	12847018	100
8910	18	12848818	12848918	100
8911	18	12849418	12849518	100
8912	18	12849918	12850018	100
8913	18	12850618	12850718	100
8914	18	12851318	12851418	100
8915	18	12852418	12852618	200
8916	18	12853218	12853418	200
8917	18	12853718	12853818	100
8918	18	12854018	12854218	200
8919	18	12854418	12854518	100
8920	18	12854618	12855018	400
8921	18	12855118	12855518	400
8922	18	12856818	12856918	100
8923	18	12857418	12857518	100
8924	18	12857918	12858018	100
8925	18	12858318	12858418	100
8926	18	12858618	12858718	100
8927	18	12859818	12859918	100
8928	18	12860018	12860218	200
8929	18	12860318	12860518	200
8930	18	12861418	12861518	100
8931	18	12861718	12863018	1300
8932	18	12863118	12863218	100
8933	18	12863318	12863818	500
8934	18	12864118	12864518	400
8935	18	12864618	12864718	100
8936	18	12864818	12865118	300
8937	18	12865518	12865618	100
8938	18	12866318	12866518	200
8939	18	12866818	12866918	100
8940	18	12867018	12867318	300
8941	18	12867918	12868018	100
8942	18	12869018	12869118	100
8943	18	12869518	12869618	100
8944	18	12870018	12870118	100
8945	18	12870618	12870718	100
8946	18	12871218	12871518	300
8947	18	12872018	12872118	100
8948	18	12872418	12872518	100
8949	18	12873018	12873118	100
8950	18	12874618	12874718	100
8951	18	12875418	12875818	400
8952	18	12876018	12876118	100
8953	18	12876418	12877218	800
8954	18	12877318	12877518	200
8955	18	12879518	12879618	100
8956	18	12879718	12880218	500
8957	18	12880418	12880618	200
8958	18	12881818	12881918	100
8959	18	12882018	12882118	100
8960	18	12883018	12883318	300
8961	18	12883418	12883518	100
8962	18	12884018	12884118	100
8963	18	12884818	12884918	100
8964	18	12885118	12885218	100
8965	18	12885418	12885518	100
8966	18	12885618	12885718	100
8967	18	12885818	12885918	100
8968	18	12886118	12886318	200
8969	18	12886418	12886518	100
8970	18	12886618	12886718	100
8971	18	12886918	12887118	200
8972	18	12889318	12889518	200
8973	18	12891718	12891818	100
8974	18	12893418	12893518	100
8975	18	12896318	12896418	100
8976	18	12896918	12897018	100
8977	18	12897318	12897518	200
8978	18	12897818	12897918	100
8979	18	12899118	12899318	200
8980	18	12899618	12899818	200
8981	18	12904018	12904218	200
8982	18	12904518	12904718	200
8983	18	12904918	12905018	100
8984	18	12908618	12908818	200
8985	18	12909218	12909618	400
8986	18	12909818	12910318	500
8987	18	12911218	12911318	100
8988	18	12912618	12912718	100
8989	18	12912918	12913018	100
8990	18	12913118	12913218	100
8991	18	12913518	12913618	100
8992	18	12914118	12914518	400
8993	18	12915718	12915818	100
8994	18	12916918	12917118	200
8995	18	12917218	12917418	200
8996	18	12917518	12917718	200
8997	18	12918018	12918118	100
8998	18	12918518	12918618	100
8999	18	12919118	12919518	400
9000	18	12920718	12920818	100
9001	18	12921618	12921718	100
9002	18	12922118	12922318	200
9003	18	12922918	12923218	300
9004	18	12923518	12923718	200
9005	18	12924518	12924718	200
9006	18	12924818	12924918	100
9007	18	12925018	12925118	100
9008	18	12925318	12925418	100
9009	18	12926018	12926218	200
9010	18	12926318	12926418	100
9011	18	12926518	12926618	100
9012	18	12926818	12926918	100
9013	18	12927118	12927418	300
9014	18	12927518	12927618	100
9015	18	12927718	12927818	100
9016	18	12928118	12928218	100
9017	18	12929118	12929218	100
9018	18	12929418	12929518	100
9019	18	12929818	12930018	200
9020	18	12930118	12930218	100
9021	18	12930718	12930918	200
9022	18	12931418	12931718	300
9023	18	12932218	12932518	300
9024	18	12932818	12932918	100
9025	18	12933318	12933418	100
9026	18	12933518	12933718	200
9027	18	12934218	12934318	100
9028	18	12934518	12934818	300
9029	18	12936718	12936818	100
9030	18	12937318	12937518	200
9031	18	12938018	12938118	100
9032	18	12938218	12938518	300
9033	18	12939018	12939218	200
9034	18	12939518	12939618	100
9035	18	12939718	12939818	100
9036	18	12939918	12940018	100
9037	18	12940718	12940818	100
9038	18	12941218	12942018	800
9039	18	12943718	12943818	100
9040	18	12944218	12944318	100
9041	18	12945318	12945418	100
9042	18	12946018	12946118	100
9043	18	12946918	12947118	200
9044	18	12947218	12947518	300
9045	18	12947618	12947818	200
9046	18	12947918	12948218	300
9047	18	12948318	12948618	300
9048	18	12948918	12949018	100
9049	18	12949118	12949418	300
9050	18	12949918	12950018	100
9051	18	12952418	12952518	100
9052	18	12953618	12953818	200
9053	18	12953918	12954018	100
9054	18	12955518	12956218	700
9055	18	12958518	12958618	100
9056	18	12959418	12959618	200
9057	18	12959718	12960218	500
9058	18	12960318	12960418	100
9059	18	12961518	12961618	100
9060	18	12962718	12962818	100
9061	18	12962918	12963118	200
9062	18	12963218	12963618	400
9063	18	12968918	12969018	100
9064	18	12972018	12972418	400
9065	18	12972718	12974018	1300
9066	18	12974318	12974618	300
9067	18	12974718	12974818	100
9068	18	12976118	12976218	100
9069	18	12976418	12976518	100
9070	18	12978018	12978118	100
9071	18	12979618	12979818	200
9072	18	12979918	12980018	100
9073	18	12980118	12980218	100
9074	18	12980518	12980618	100
9075	18	12981318	12981418	100
9076	18	12982818	12983018	200
9077	18	12984618	12984718	100
9078	18	12985218	12985318	100
9079	18	12985918	12986018	100
9080	18	12986518	12986618	100
9081	18	12986818	12986918	100
9082	18	12988518	12988618	100
9083	18	12988918	12989118	200
9084	18	12989318	12989418	100
9085	18	12989518	12989718	200
9086	18	12989818	12990018	200
9087	18	12990918	12991018	100
9088	18	12991318	12991418	100
9089	18	12992518	12992618	100
9090	18	12993818	12993918	100
9091	18	12995518	12996018	500
9092	18	12997518	12997618	100
9093	18	12997818	12997918	100
9094	18	12998118	12998418	300
9095	18	12998518	12998618	100
9096	18	12999318	12999518	200
9097	18	13002018	13002118	100
9098	18	13002818	13003218	400
9099	18	13003418	13003518	100
9100	18	13004118	13004218	100
9101	18	13004318	13004418	100
9102	18	13004618	13004918	300
9103	18	13005018	13006118	1100
9104	18	13006418	13006618	200
9105	18	13009118	13009218	100
9106	18	13009718	13009818	100
9107	18	13010018	13010118	100
9108	18	13010318	13010418	100
9109	18	13010718	13010818	100
9110	18	13010918	13011218	300
9111	18	13011418	13011518	100
9112	18	13011918	13012018	100
9113	18	13012118	13012318	200
9114	18	13013218	13013318	100
9115	18	13013418	13013518	100
9116	18	13014018	13014118	100
9117	18	13014818	13014918	100
9118	18	13015018	13015118	100
9119	18	13015218	13015418	200
9120	18	13016118	13016218	100
9121	18	13016718	13016818	100
9122	18	13017118	13017218	100
9123	18	13017818	13017918	100
9124	18	13018118	13018318	200
9125	18	13018418	13018518	100
9126	18	13018618	13018718	100
9127	18	13019118	13019518	400
9128	18	13020718	13020818	100
9129	18	13021418	13021518	100
9130	18	13021818	13021918	100
9131	18	13022018	13022418	400
9132	18	13022618	13022718	100
9133	18	13022918	13023018	100
9134	18	13024518	13024618	100
9135	18	13024818	13024918	100
9136	18	13025018	13025118	100
9137	18	13025218	13025318	100
9138	18	13026418	13026518	100
9139	18	13026618	13026918	300
9140	18	13027218	13027318	100
9141	18	13029218	13029418	200
9142	18	13031618	13031718	100
9143	18	13031818	13032418	600
9144	18	13032518	13032618	100
9145	18	13033118	13033318	200
9146	18	13034118	13034218	100
9147	18	13034518	13034618	100
9148	18	13034718	13035218	500
9149	18	13035318	13035618	300
9150	18	13036018	13036218	200
9151	18	13037318	13037718	400
9152	18	13037818	13037918	100
9153	18	13043918	13044018	100
9154	18	13047518	13047618	100
9155	18	13047818	13048118	300
9156	18	13048218	13048318	100
9157	18	13048518	13048618	100
9158	18	13048718	13048818	100
9159	18	13049418	13049818	400
9160	18	13051418	13051718	300
9161	18	13051818	13051918	100
9162	18	13052018	13052518	500
9163	18	13052618	13052818	200
9164	18	13053018	13053218	200
9165	18	13054118	13054218	100
9166	18	13054318	13054418	100
9167	18	13054618	13054718	100
9168	18	13056018	13056218	200
9169	18	13056718	13056818	100
9170	18	13058118	13058218	100
9171	18	13058518	13058618	100
9172	18	13059518	13059618	100
9173	18	13060118	13060318	200
9174	18	13060918	13061018	100
9175	18	13064318	13064518	200
9176	18	13064618	13065218	600
9177	18	13065418	13065518	100
9178	18	13066018	13066318	300
9179	18	13066418	13066518	100
9180	18	13066618	13066718	100
9181	18	13067518	13067618	100
9182	18	13067918	13068018	100
9183	18	13069818	13069918	100
9184	18	13070018	13070118	100
9185	18	13070718	13070818	100
9186	18	13070918	13071018	100
9187	18	13071618	13071718	100
9188	18	13073718	13073818	100
9189	18	13074118	13074218	100
9190	18	13075218	13075518	300
9191	18	13076318	13076818	500
9192	18	13077218	13077418	200
9193	18	13077518	13077618	100
9194	18	13078018	13078318	300
9195	18	13080218	13080318	100
9196	18	13081018	13081118	100
9197	18	13082018	13082118	100
9198	18	13082818	13082918	100
9199	18	13083218	13083318	100
9200	18	13089118	13089218	100
9201	18	13091018	13091118	100
9202	18	13091318	13091418	100
9203	18	13091818	13091918	100
9204	18	13092118	13092218	100
9205	18	13094018	13094218	200
9206	18	13094518	13094618	100
9207	18	13097918	13098018	100
9208	18	13098318	13098418	100
9209	18	13107318	13107518	200
9210	18	13108218	13108318	100
9211	18	13110118	13110218	100
9212	18	13112318	13112418	100
9213	18	13112618	13112718	100
9214	18	13113718	13114018	300
9215	18	13114418	13114518	100
9216	18	13117018	13117118	100
9217	18	13118418	13118518	100
9218	18	13118818	13118918	100
9219	18	13119218	13119318	100
9220	18	13120318	13120418	100
9221	18	13122118	13122518	400
9222	18	13123018	13123218	200
9223	18	13123318	13123718	400
9224	18	13125118	13125218	100
9225	18	13125718	13125818	100
9226	18	13127218	13127318	100
9227	18	13127718	13127918	200
9228	18	13128218	13128318	100
9229	18	13129018	13129118	100
9230	18	13130718	13131018	300
9231	18	13131218	13131318	100
9232	18	13131918	13132118	200
9233	18	13132318	13132418	100
9234	18	13132918	13133118	200
9235	18	13134318	13134418	100
9236	18	13134518	13134718	200
9237	18	13136518	13136618	100
9238	18	13138218	13138318	100
9239	18	13138418	13138618	200
9240	18	13139018	13139218	200
9241	18	13139318	13139418	100
9242	18	13139618	13139718	100
9243	18	13140118	13140918	800
9244	18	13141418	13141518	100
9245	18	13143318	13143518	200
9246	18	13144718	13144818	100
9247	18	13145118	13145318	200
9248	18	13145618	13145718	100
9249	18	13146018	13146218	200
9250	18	13146418	13146518	100
9251	18	13146618	13146718	100
9252	18	13147518	13147618	100
9253	18	13149818	13149918	100
9254	18	13150118	13150418	300
9255	18	13151318	13151618	300
9256	18	13152218	13152318	100
9257	18	13152418	13152618	200
9258	18	13153018	13153118	100
9259	18	13153318	13153418	100
9260	18	13154018	13154218	200
9261	18	13154718	13154818	100
9262	18	13155318	13155418	100
9263	18	13155518	13155618	100
9264	18	13155718	13155818	100
9265	18	13156718	13156918	200
9266	18	13166718	13166818	100
9267	18	13169818	13169918	100
9268	18	13171718	13171818	100
9269	18	13181018	13181118	100
9270	18	13182218	13182318	100
9271	18	13184418	13184518	100
9272	18	13186818	13186918	100
9273	18	13187918	13188018	100
9274	18	13188118	13188218	100
9275	18	13193818	13194018	200
9276	18	13194118	13194218	100
9277	18	13194318	13194518	200
9278	18	13195318	13195418	100
9279	18	13195918	13196018	100
9280	18	13196618	13196718	100
9281	18	13197418	13197518	100
9282	18	13199318	13199418	100
9283	18	13199918	13200018	100
9284	18	13203018	13203118	100
9285	18	13210118	13210318	200
9286	18	13210418	13210718	300
9287	18	13214418	13214518	100
9288	18	13214618	13214718	100
9289	18	13215218	13215418	200
9290	18	13215618	13215718	100
9291	18	13216518	13216618	100
9292	18	13216818	13216918	100
9293	18	13219418	13219518	100
9294	18	13220318	13220418	100
9295	18	13221118	13221218	100
9296	18	13222218	13222418	200
9297	18	13222518	13222918	400
9298	18	13223118	13223218	100
9299	18	13223718	13224018	300
9300	18	13224518	13224618	100
9301	18	13224718	13224818	100
9302	18	13224918	13225018	100
9303	18	13225118	13225418	300
9304	18	13225518	13225718	200
9305	18	13228118	13228318	200
9306	18	13228618	13228718	100
9307	18	13229218	13229318	100
9308	18	13229418	13229518	100
9309	18	13234818	13235018	200
9310	18	13236818	13236918	100
9311	18	13237518	13237618	100
9312	18	13248418	13248818	400
9313	18	13252118	13252318	200
9314	18	13252818	13252918	100
9315	18	13255918	13256018	100
9316	18	13256218	13256318	100
9317	18	13256718	13256818	100
9318	18	13258118	13258218	100
9319	18	13258918	13259018	100
9320	18	13259118	13259218	100
9321	18	13259618	13259718	100
9322	18	13261018	13261118	100
9323	18	13263218	13263318	100
9324	18	13263418	13263518	100
9325	18	13264418	13264518	100
9326	18	13265018	13265118	100
9327	18	13267118	13267318	200
9328	18	13268318	13268418	100
9329	18	13268618	13268718	100
9330	18	13269518	13269618	100
9331	18	13278018	13278118	100
9332	18	13278218	13278318	100
9333	18	13278618	13278718	100
9334	18	13280118	13280218	100
9335	18	13281318	13281418	100
9336	18	13281518	13281618	100
9337	18	13281718	13281818	100
9338	18	13282118	13282218	100
9339	18	13282318	13282418	100
9340	18	13283318	13283418	100
9341	18	13283618	13283818	200
9342	18	13284818	13284918	100
9343	18	13287218	13287418	200
9344	18	13287618	13287718	100
9345	18	13287818	13287918	100
9346	18	13288618	13288718	100
9347	18	13289518	13289618	100
9348	18	13289918	13290318	400
9349	18	13292218	13292318	100
9350	18	13292718	13292818	100
9351	18	13293118	13293218	100
9352	18	13294518	13294618	100
9353	18	13295518	13295618	100
9354	18	13300318	13300618	300
9355	18	13300818	13300918	100
9356	18	13301718	13301818	100
9357	18	13301918	13302018	100
9358	18	13303318	13303418	100
9359	18	13303518	13303618	100
9360	18	13303918	13304018	100
9361	18	13304218	13304318	100
9362	18	13304418	13304518	100
9363	18	13304618	13304718	100
9364	18	13305018	13305118	100
9365	18	13305218	13305618	400
9366	18	13305718	13305818	100
9367	18	13305918	13306118	200
9368	18	13306218	13306518	300
9369	18	13306918	13307018	100
9370	18	13307118	13307218	100
9371	18	13307718	13307818	100
9372	18	13308818	13308918	100
9373	18	13310018	13310318	300
9374	18	13310618	13311018	400
9375	18	13311218	13311318	100
9376	18	13311518	13311718	200
9377	18	13313918	13314018	100
9378	18	13314718	13314818	100
9379	18	13316418	13316518	100
9380	18	13317218	13317318	100
9381	18	13318018	13318118	100
9382	18	13318618	13318718	100
9383	18	13321318	13321418	100
9384	18	13321518	13321618	100
9385	18	13321818	13321918	100
9386	18	13322218	13322318	100
9387	18	13322618	13323218	600
9388	18	13325218	13325318	100
9389	18	13326018	13326118	100
9390	18	13326318	13326718	400
9391	18	13328018	13328118	100
9392	18	13328418	13328518	100
9393	18	13328718	13328818	100
9394	18	13329018	13329118	100
9395	18	13329218	13329318	100
9396	18	13329918	13330018	100
9397	18	13330118	13330218	100
9398	18	13330618	13330818	200
9399	18	13330918	13331018	100
9400	18	13332118	13332218	100
9401	18	13333418	13333618	200
9402	18	13334218	13334318	100
9403	18	13334518	13334618	100
9404	18	13334918	13335018	100
9405	18	13335118	13335218	100
9406	18	13335818	13335918	100
9407	18	13336018	13336118	100
9408	18	13337518	13337618	100
9409	18	13342018	13342218	200
9410	18	13343918	13344018	100
9411	18	13344118	13344318	200
9412	18	13345218	13345418	200
9413	18	13346318	13346418	100
9414	18	13346518	13346618	100
9415	18	13346718	13346818	100
9416	18	13346918	13347018	100
9417	18	13347118	13347318	200
9418	18	13348018	13348118	100
9419	18	13348318	13348518	200
9420	18	13349018	13349118	100
9421	18	13349218	13349318	100
9422	18	13349418	13349518	100
9423	18	13349618	13349718	100
9424	18	13350118	13350218	100
9425	18	13350318	13350518	200
9426	18	13350618	13350718	100
9427	18	13351318	13351518	200
9428	18	13352018	13352218	200
9429	18	13353018	13353118	100
9430	18	13353418	13353618	200
9431	18	13354118	13354518	400
9432	18	13354818	13355018	200
9433	18	13355218	13355318	100
9434	18	13355618	13355718	100
9435	18	13356118	13356218	100
9436	18	13356718	13356818	100
9437	18	13357718	13357818	100
9438	18	13357918	13358018	100
9439	18	13359118	13359218	100
9440	18	13359318	13359418	100
9441	18	13360118	13360318	200
9442	18	13363118	13363418	300
9443	18	13364818	13364918	100
9444	18	13365018	13365118	100
9445	18	13368318	13368518	200
9446	18	13369118	13369218	100
9447	18	13369818	13370018	200
9448	18	13371518	13371618	100
9449	18	13372218	13372518	300
9450	18	13372918	13373118	200
9451	18	13373818	13374018	200
9452	18	13374118	13374518	400
9453	18	13374618	13374718	100
9454	18	13374818	13375118	300
9455	18	13375418	13375618	200
9456	18	13375718	13375818	100
9457	18	13376418	13376618	200
9458	18	13376718	13376818	100
9459	18	13377218	13377318	100
9460	18	13378418	13378518	100
9461	18	13378818	13378918	100
9462	18	13379018	13379118	100
9463	18	13381118	13381218	100
9464	18	13382018	13382118	100
9465	18	13382418	13382618	200
9466	18	13382918	13383018	100
9467	18	13387418	13387518	100
9468	18	13388718	13388818	100
9469	18	13389418	13389918	500
9470	18	13390218	13390518	300
9471	18	13393418	13393518	100
9472	18	13394418	13394518	100
9473	18	13395318	13395418	100
9474	18	13396018	13396118	100
9475	18	13396218	13396318	100
9476	18	13396418	13396718	300
9477	18	13397218	13397718	500
9478	18	13398018	13398118	100
9479	18	13398318	13398618	300
9480	18	13398718	13399018	300
9481	18	13399118	13399218	100
9482	18	13399318	13399518	200
9483	18	13400318	13400418	100
9484	18	13400818	13400918	100
9485	18	13401618	13401718	100
9486	18	13403218	13403318	100
9487	18	13403418	13403518	100
9488	18	13406118	13406218	100
9489	18	13406518	13406618	100
9490	18	13407018	13407118	100
9491	18	13408018	13408118	100
9492	18	13408618	13408818	200
9493	18	13408918	13409118	200
9494	18	13409218	13409318	100
9495	18	13409818	13410018	200
9496	18	13410118	13410418	300
9497	18	13410818	13410918	100
9498	18	13411318	13411418	100
9499	18	13412418	13412518	100
9500	18	13415618	13415718	100
9501	18	13415818	13415918	100
9502	18	13416318	13416418	100
9503	18	13416618	13416718	100
9504	18	13417118	13417218	100
9505	18	13417618	13417718	100
9506	18	13419618	13419718	100
9507	18	13419818	13420118	300
9508	18	13420518	13420618	100
9509	18	13421218	13421318	100
9510	18	13421718	13421818	100
9511	18	13422918	13423018	100
9512	18	13423318	13423418	100
9513	18	13423918	13424018	100
9514	18	13424418	13424518	100
9515	18	13425318	13425418	100
9516	18	13426018	13426118	100
9517	18	13426718	13427018	300
9518	18	13427318	13427518	200
9519	18	13428018	13428118	100
9520	18	13428418	13428518	100
9521	18	13428718	13428818	100
9522	18	13429218	13429318	100
9523	18	13431018	13431118	100
9524	18	13431218	13431518	300
9525	18	13431618	13431718	100
9526	18	13431918	13432118	200
9527	18	13433318	13433418	100
9528	18	13433718	13433818	100
9529	18	13433918	13434118	200
9530	18	13434218	13434318	100
9531	18	13434818	13434918	100
9532	18	13435718	13435918	200
9533	18	13436318	13436518	200
9534	18	13436618	13436718	100
9535	18	13439718	13439818	100
9536	18	13440418	13440618	200
9537	18	13440718	13440918	200
9538	18	13442318	13442518	200
9539	18	13443218	13443318	100
9540	18	13443418	13443518	100
9541	18	13444318	13444418	100
9542	18	13445718	13445818	100
9543	18	13445918	13446018	100
9544	18	13446118	13446218	100
9545	18	13446318	13446418	100
9546	18	13447718	13447918	200
9547	18	13448218	13448318	100
9548	18	13448718	13448818	100
9549	18	13449118	13449218	100
9550	18	13450818	13450918	100
9551	18	13454018	13454218	200
9552	18	13455318	13455418	100
9553	18	13455618	13455818	200
9554	18	13456318	13456418	100
9555	18	13456518	13456618	100
9556	18	13458418	13458518	100
9557	18	13458918	13459018	100
9558	18	13459118	13459218	100
9559	18	13459318	13459418	100
9560	18	13459718	13459818	100
9561	18	13460218	13460318	100
9562	18	13460518	13460618	100
9563	18	13462618	13462718	100
9564	18	13466118	13466218	100
9565	18	13467418	13467618	200
9566	18	13467818	13467918	100
9567	18	13468118	13468218	100
9568	18	13468518	13468618	100
9569	18	13469718	13469918	200
9570	18	13470018	13470118	100
9571	18	13472218	13472318	100
9572	18	13473118	13473218	100
9573	18	13473718	13473918	200
9574	18	13474418	13474518	100
9575	18	13476018	13476218	200
9576	18	13476918	13477018	100
9577	18	13477118	13477318	200
9578	18	13477418	13477518	100
9579	18	13478518	13478618	100
9580	18	13479118	13479218	100
9581	18	13479418	13479518	100
9582	18	13480518	13480618	100
9583	18	13480918	13481018	100
9584	18	13481318	13481418	100
9585	18	13481618	13481818	200
9586	18	13482018	13482118	100
9587	18	13482718	13482818	100
9588	18	13483518	13483618	100
9589	18	13484218	13484318	100
9590	18	13484918	13485018	100
9591	18	13485118	13485218	100
9592	18	13485318	13485418	100
9593	18	13485518	13485718	200
9594	18	13486118	13486318	200
9595	18	13486518	13486618	100
9596	18	13486818	13486918	100
9597	18	13487018	13487118	100
9598	18	13487518	13487618	100
9599	18	13487818	13487918	100
9600	18	13489218	13489318	100
9601	18	13490318	13490418	100
9602	18	13490918	13491018	100
9603	18	13492218	13492318	100
9604	18	13495918	13496118	200
9605	18	13496218	13496418	200
9606	18	13496618	13496818	200
9607	18	13497318	13497518	200
9608	18	13499018	13499118	100
9609	18	13499218	13499718	500
9610	18	13501118	13501218	100
9611	18	13501418	13501618	200
9612	18	13504618	13504818	200
9613	18	13505018	13505118	100
9614	18	13505218	13505318	100
9615	18	13505718	13505818	100
9616	18	13506318	13506518	200
9617	18	13506718	13506918	200
9618	18	13507018	13507518	500
9619	18	13507618	13507818	200
9620	18	13508118	13508218	100
9621	18	13509518	13509718	200
9622	18	13510218	13510318	100
9623	18	13512118	13512218	100
9624	18	13512618	13512818	200
9625	18	13512918	13513018	100
9626	18	13518018	13518118	100
9627	18	13519218	13519318	100
9628	18	13521618	13521718	100
9629	18	13521818	13521918	100
9630	18	13522618	13522718	100
9631	18	13522818	13522918	100
9632	18	13523618	13523718	100
9633	18	13526318	13526418	100
9634	18	13527318	13527418	100
9635	18	13528018	13528118	100
9636	18	13528718	13528818	100
9637	18	13529818	13529918	100
9638	18	13530518	13530718	200
9639	18	13530818	13530918	100
9640	18	13531218	13531318	100
9641	18	13531518	13531718	200
9642	18	13532118	13532218	100
9643	18	13532518	13532618	100
9644	18	13532718	13532818	100
9645	18	13533118	13533318	200
9646	18	13533618	13533718	100
9647	18	13534718	13534818	100
9648	18	13534918	13535018	100
9649	18	13536118	13536218	100
9650	18	13536918	13537018	100
9651	18	13538518	13538618	100
9652	18	13540018	13540318	300
9653	18	13542518	13542618	100
9654	18	13543018	13543218	200
9655	18	13550118	13550218	100
9656	18	13550518	13550618	100
9657	18	13553718	13553818	100
9658	18	13556018	13556118	100
9659	18	13559018	13559118	100
9660	18	13560218	13560418	200
9661	18	13560518	13561118	600
9662	18	13561318	13561418	100
9663	18	13561518	13561618	100
9664	18	13561818	13562018	200
9665	18	13562118	13562218	100
9666	18	13564318	13564418	100
9667	18	13565118	13565318	200
9668	18	13565618	13565718	100
9669	18	13566018	13566118	100
9670	18	13566218	13566318	100
9671	18	13567118	13567218	100
9672	18	13568118	13568218	100
9673	18	13568418	13568518	100
9674	18	13569318	13569418	100
9675	18	13570218	13570318	100
9676	18	13570618	13571118	500
9677	18	13571218	13571318	100
9678	18	13572418	13572618	200
9679	18	13573118	13573318	200
9680	18	13573518	13573818	300
9681	18	13575018	13575118	100
9682	18	13575318	13575418	100
9683	18	13585418	13585518	100
9684	18	13585818	13585918	100
9685	18	13586118	13586218	100
9686	18	13588618	13588718	100
9687	18	13589018	13589118	100
9688	18	13589218	13589318	100
9689	18	13590518	13590618	100
9690	18	13590818	13590918	100
9691	18	13591418	13591518	100
9692	18	13591618	13591718	100
9693	18	13591818	13591918	100
9694	18	13592018	13592118	100
9695	18	13592418	13592518	100
9696	18	13592618	13592818	200
9697	18	13593018	13593318	300
9698	18	13593518	13593618	100
9699	18	13593718	13593818	100
9700	18	13593918	13594018	100
9701	18	13594418	13594518	100
9702	18	13597018	13597218	200
9703	18	13597318	13597518	200
9704	18	13598518	13598618	100
9705	18	13599118	13599218	100
9706	18	13599318	13599418	100
9707	18	13599718	13599918	200
9708	18	13600318	13600718	400
9709	18	13600918	13601018	100
9710	18	13601118	13601218	100
9711	18	13601318	13601518	200
9712	18	13601618	13601818	200
9713	18	13601918	13602018	100
9714	18	13602218	13602418	200
9715	18	13602918	13603018	100
9716	18	13603218	13603318	100
9717	18	13603818	13603918	100
9718	18	13604118	13604318	200
9719	18	13604418	13604518	100
9720	18	13604918	13605018	100
9721	18	13606618	13606718	100
9722	18	13607118	13607218	100
9723	18	13607518	13607618	100
9724	18	13609218	13609518	300
9725	18	13609618	13610118	500
9726	18	13610418	13610518	100
9727	18	13610618	13610718	100
9728	18	13611818	13611918	100
9729	18	13612518	13612718	200
9730	18	13615418	13615518	100
9731	18	13617018	13617118	100
9732	18	13617418	13617518	100
9733	18	13618518	13618618	100
9734	18	13619118	13619218	100
9735	18	13619318	13619418	100
9736	18	13621118	13621218	100
9737	18	13621518	13621618	100
9738	18	13622018	13622118	100
9739	18	13622618	13622718	100
9740	18	13623318	13623418	100
9741	18	13628118	13628218	100
9742	18	13628818	13629018	200
9743	18	13629218	13629318	100
9744	18	13630018	13630418	400
9745	18	13631418	13631518	100
9746	18	13634618	13634718	100
9747	18	13635318	13635418	100
9748	18	13636118	13636418	300
9749	18	13636718	13636818	100
9750	18	13644918	13645018	100
9751	18	13645518	13645618	100
9752	18	13646418	13646518	100
9753	18	13648618	13648718	100
9754	18	13649218	13649318	100
9755	18	13651618	13651718	100
9756	18	13653718	13653818	100
9757	18	13654218	13654318	100
9758	18	13654418	13654518	100
9759	18	13654718	13655018	300
9760	18	13655118	13655218	100
9761	18	13655518	13655818	300
9762	18	13655918	13656018	100
9763	18	13656418	13656518	100
9764	18	13656618	13656718	100
9765	18	13657518	13657618	100
9766	18	13657718	13657818	100
9767	18	13659018	13659118	100
9768	18	13659718	13659818	100
9769	18	13660618	13660718	100
9770	18	13661518	13661618	100
9771	18	13661718	13661818	100
9772	18	13662018	13662118	100
9773	18	13662518	13662618	100
9774	18	13664518	13664618	100
9775	18	13664918	13665018	100
9776	18	13665118	13665218	100
9777	18	13665318	13665618	300
9778	18	13665718	13665818	100
9779	18	13665918	13666118	200
9780	18	13667518	13667818	300
9781	18	13669118	13669218	100
9782	18	13669518	13669618	100
9783	18	13669718	13669818	100
9784	18	13670518	13670618	100
9785	18	13671518	13671618	100
9786	18	13671718	13671818	100
9787	18	13675018	13675118	100
9788	18	13676218	13676318	100
9789	18	13676818	13676918	100
9790	18	13677818	13677918	100
9791	18	13678118	13678218	100
9792	18	13679918	13680018	100
9793	18	13680218	13680318	100
9794	18	13681018	13681218	200
9795	18	13682618	13682718	100
9796	18	13682918	13683018	100
9797	18	13683118	13683218	100
9798	18	13683518	13684018	500
9799	18	13685318	13685418	100
9800	18	13685918	13686018	100
9801	18	13686418	13686518	100
9802	18	13687618	13687918	300
9803	18	13688018	13688218	200
9804	18	13689118	13689218	100
9805	18	13689818	13689918	100
9806	18	13690218	13690318	100
9807	18	13690918	13691018	100
9808	18	13691618	13691818	200
9809	18	13692018	13692118	100
9810	18	13692218	13692318	100
9811	18	13692418	13692718	300
9812	18	13693018	13693118	100
9813	18	13693818	13694018	200
9814	18	13694418	13694718	300
9815	18	13695318	13695418	100
9816	18	13696118	13696318	200
9817	18	13696718	13696818	100
9818	18	13697218	13697318	100
9819	18	13697618	13697718	100
9820	18	13699118	13699218	100
9821	18	13699418	13699518	100
9822	18	13699618	13699718	100
9823	18	13699818	13700118	300
9824	18	13700318	13700418	100
9825	18	13700818	13701018	200
9826	18	13701118	13701218	100
9827	18	13701418	13701518	100
9828	18	13701618	13702018	400
9829	18	13702418	13702618	200
9830	18	13702818	13702918	100
9831	18	13703118	13703218	100
9832	18	13703318	13703818	500
9833	18	13704318	13704418	100
9834	18	13704718	13704818	100
9835	18	13704918	13705218	300
9836	18	13705318	13705518	200
9837	18	13705918	13706818	900
9838	18	13707218	13707518	300
9839	18	13707618	13707718	100
9840	18	13708318	13708718	400
9841	18	13709318	13709418	100
9842	18	13709718	13709818	100
9843	18	13710018	13710118	100
9844	18	13711418	13711518	100
9845	18	13711918	13712018	100
9846	18	13712218	13712318	100
9847	18	13712418	13712518	100
9848	18	13712618	13712918	300
9849	18	13713518	13713618	100
9850	18	13715118	13715318	200
9851	18	13715918	13716018	100
9852	18	13717418	13717618	200
9853	18	13717718	13717818	100
9854	18	13719618	13719818	200
9855	18	13720318	13720518	200
9856	18	13720618	13720818	200
9857	18	13720918	13721018	100
9858	18	13721518	13721618	100
9859	18	13721918	13722018	100
9860	18	13722418	13722618	200
9861	18	13722818	13722918	100
9862	18	13723118	13723418	300
9863	18	13723618	13723818	200
9864	18	13723918	13724218	300
9865	18	13724318	13724418	100
9866	18	13724518	13724818	300
9867	18	13725118	13725218	100
9868	18	13725618	13725818	200
9869	18	13727118	13727218	100
9870	18	13727318	13727618	300
9871	18	13728618	13728718	100
9872	18	13730218	13730318	100
9873	18	13730718	13730818	100
9874	18	13731218	13731318	100
9875	18	13733718	13733818	100
9876	18	13733918	13734018	100
9877	18	13734618	13734718	100
9878	18	13735018	13735118	100
9879	18	13735818	13735918	100
9880	18	13736818	13737018	200
9881	18	13737318	13737918	600
9882	18	13738118	13738418	300
9883	18	13738618	13738718	100
9884	18	13738818	13739218	400
9885	18	13739718	13739818	100
9886	18	13739918	13740318	400
9887	18	13740418	13740718	300
9888	18	13740818	13740918	100
9889	18	13741018	13741118	100
9890	18	13741218	13741318	100
9891	18	13742418	13742518	100
9892	18	13742918	13743018	100
9893	18	13744118	13744318	200
9894	18	13748018	13748218	200
9895	18	13748318	13748618	300
9896	18	13749018	13749218	200
9897	18	13749518	13749618	100
9898	18	13750118	13750218	100
9899	18	13751518	13751618	100
9900	18	13752018	13752118	100
9901	18	13753818	13753918	100
9902	18	13754318	13754418	100
9903	18	13754618	13754818	200
9904	18	13755018	13755118	100
9905	18	13755418	13755618	200
9906	18	13755918	13756018	100
9907	18	13756518	13756718	200
9908	18	13756818	13757118	300
9909	18	13757218	13757318	100
9910	18	13758418	13758718	300
9911	18	13760418	13760518	100
9912	18	13761618	13761818	200
9913	18	13761918	13762018	100
9914	18	13762118	13762218	100
9915	18	13763818	13763918	100
9916	18	13764018	13764118	100
9917	18	13764318	13764418	100
9918	18	13765218	13765318	100
9919	18	13766218	13766318	100
9920	18	13766418	13766518	100
9921	18	13766818	13767118	300
9922	18	13767618	13767718	100
9923	18	13769118	13769218	100
9924	18	13769618	13769718	100
9925	18	13769918	13770218	300
9926	18	13770718	13770818	100
9927	18	13771318	13771418	100
9928	18	13772318	13772518	200
9929	18	13772618	13772718	100
9930	18	13773018	13773118	100
9931	18	13773318	13773418	100
9932	18	13773518	13773718	200
9933	18	13774018	13774118	100
9934	18	13780618	13780718	100
9935	18	13781018	13781218	200
9936	18	13781318	13781418	100
9937	18	13781618	13781718	100
9938	18	13781818	13782018	200
9939	18	13783718	13783818	100
9940	18	13783918	13784018	100
9941	18	13785418	13785518	100
9942	18	13786118	13786318	200
9943	18	13786418	13786518	100
9944	18	13786618	13786718	100
9945	18	13786918	13787118	200
9946	18	13787518	13787818	300
9947	18	13788918	13789018	100
9948	18	13790218	13790618	400
9949	18	13790718	13790818	100
9950	18	13791018	13791118	100
9951	18	13791618	13791718	100
9952	18	13792218	13792318	100
9953	18	13792918	13793018	100
9954	18	13793118	13793218	100
9955	18	13793318	13793618	300
9956	18	13794918	13795018	100
9957	18	13795118	13795218	100
9958	18	13795418	13795818	400
9959	18	13796618	13796818	200
9960	18	13797718	13797918	200
9961	18	13798018	13798118	100
9962	18	13798318	13798418	100
9963	18	13798618	13799118	500
9964	18	13799318	13799418	100
9965	18	13799518	13799618	100
9966	18	13799718	13799918	200
9967	18	13800218	13800318	100
9968	18	13800718	13800818	100
9969	18	13801718	13801918	200
9970	18	13802218	13802318	100
9971	18	13802418	13802518	100
9972	18	13802618	13802718	100
9973	18	13802818	13803318	500
9974	18	13803418	13803718	300
9975	18	13803818	13803918	100
9976	18	13804318	13804418	100
9977	18	13804918	13805018	100
9978	18	13806518	13806618	100
9979	18	13807618	13807818	200
9980	18	13808118	13808218	100
9981	18	13809618	13809718	100
9982	18	13809818	13809918	100
9983	18	13810118	13810618	500
9984	18	13810818	13810918	100
9985	18	13811018	13811118	100
9986	18	13811218	13811318	100
9987	18	13811618	13811718	100
9988	18	13811918	13812018	100
9989	18	13813418	13813518	100
9990	18	13814818	13814918	100
9991	18	13817918	13818018	100
9992	18	13819818	13819918	100
9993	18	13820818	13821018	200
9994	18	13821818	13821918	100
9995	18	13822118	13822418	300
9996	18	13822918	13823118	200
9997	18	13823318	13823418	100
9998	18	13823918	13824018	100
9999	18	13824518	13824618	100
10000	18	13825218	13825318	100
10001	18	13826418	13826518	100
10002	18	13826818	13827018	200
10003	18	13829218	13829318	100
10004	18	13831218	13831418	200
10005	18	13831818	13832018	200
10006	18	13832818	13832918	100
10007	18	13833318	13833418	100
10008	18	13835418	13835518	100
10009	18	13835718	13835818	100
10010	18	13836318	13836418	100
10011	18	13837718	13837818	100
10012	18	13837918	13838018	100
10013	18	13838218	13838618	400
10014	18	13838718	13838818	100
10015	18	13840618	13840718	100
10016	18	13841118	13841218	100
10017	18	13841418	13841518	100
10018	18	13842618	13842818	200
10019	18	13843618	13844218	600
10020	18	13844318	13845318	1000
10021	18	13845518	13845618	100
10022	18	13845818	13846518	700
10023	18	13846618	13847318	700
10024	18	13847918	13848018	100
10025	18	13848518	13848618	100
10026	18	13848818	13848918	100
10027	18	13850518	13851018	500
10028	18	13851118	13851218	100
10029	18	13852818	13852918	100
10030	18	13853718	13853918	200
10031	18	13854018	13854118	100
10032	18	13854318	13854618	300
10033	18	13854918	13855018	100
10034	18	13855818	13856118	300
10035	18	13856218	13856318	100
10036	18	13857418	13857618	200
10037	18	13857718	13858118	400
10038	18	13858518	13858618	100
10039	18	13859018	13859218	200
10040	18	13859718	13859818	100
10041	18	13859918	13860018	100
10042	18	13860318	13860418	100
10043	18	13861218	13861318	100
10044	18	13864618	13864718	100
10045	18	13865818	13865918	100
10046	18	13866118	13866218	100
10047	18	13867118	13867218	100
10048	18	13867918	13868018	100
10049	18	13868118	13868318	200
10050	18	13868618	13868818	200
10051	18	13870618	13870718	100
10052	18	13871218	13871318	100
10053	18	13871518	13871618	100
10054	18	13872118	13872318	200
10055	18	13873618	13873718	100
10056	18	13873918	13874018	100
10057	18	13874118	13874218	100
10058	18	13874718	13874818	100
10059	18	13875218	13875318	100
10060	18	13876118	13876318	200
10061	18	13876618	13876718	100
10062	18	13877118	13877318	200
10063	18	13877718	13878018	300
10064	18	13878318	13878518	200
10065	18	13878618	13878718	100
10066	18	13879118	13879318	200
10067	18	13879418	13879518	100
10068	18	13879818	13880018	200
10069	18	13880118	13880218	100
10070	18	13880418	13880518	100
10071	18	13881718	13881818	100
10072	18	13882218	13882318	100
10073	18	13882618	13882718	100
10074	18	13885018	13885118	100
10075	18	13886718	13887218	500
10076	18	13887318	13887418	100
10077	18	13889218	13889518	300
10078	18	13890618	13890718	100
10079	18	13891318	13891418	100
10080	18	13892018	13892118	100
10081	18	13892818	13893218	400
10082	18	13893618	13893718	100
10083	18	13894318	13894518	200
10084	18	13894618	13894718	100
10085	18	13895218	13895318	100
10086	18	13896618	13896718	100
10087	18	13897318	13897418	100
10088	18	13897518	13897718	200
10089	18	13897818	13897918	100
10090	18	13898018	13898118	100
10091	18	13898418	13898518	100
10092	18	13898818	13898918	100
10093	18	13900418	13900518	100
10094	18	13901018	13901118	100
10095	18	13902418	13902518	100
10096	18	13907018	13907118	100
10097	18	13907718	13907818	100
10098	18	13908718	13908818	100
10099	18	13909918	13910018	100
10100	18	13910818	13910918	100
10101	18	13911418	13911718	300
10102	18	13911818	13911918	100
10103	18	13912518	13912818	300
10104	18	13913918	13914018	100
10105	18	13914318	13914418	100
10106	18	13914918	13915018	100
10107	18	13916218	13916318	100
10108	18	13916618	13916718	100
10109	18	13917418	13917518	100
10110	18	13918118	13918218	100
10111	18	13918918	13919118	200
10112	18	13919718	13919818	100
10113	18	13920018	13920118	100
10114	18	13920318	13920418	100
10115	18	13920618	13920718	100
10116	18	13921618	13921718	100
10117	18	13922818	13922918	100
10118	18	13924218	13924318	100
10119	18	13924418	13924918	500
10120	18	13925018	13925118	100
10121	18	13925218	13925418	200
10122	18	13925618	13925718	100
10123	18	13927418	13927518	100
10124	18	13927618	13927718	100
10125	18	13927818	13927918	100
10126	18	13928118	13928218	100
10127	18	13928718	13928818	100
10128	18	13929818	13930118	300
10129	18	13930318	13930418	100
10130	18	13930618	13930718	100
10131	18	13931118	13931218	100
10132	18	13931518	13931618	100
10133	18	13932718	13932918	200
10134	18	13933318	13933418	100
10135	18	13933518	13933718	200
10136	18	13933818	13934018	200
10137	18	13935118	13935218	100
10138	18	13935618	13935718	100
10139	18	13938118	13938318	200
10140	18	13938718	13938818	100
10141	18	13939618	13939718	100
10142	18	13940618	13940818	200
10143	18	13941018	13941118	100
10144	18	13941418	13941518	100
10145	18	13941618	13941718	100
10146	18	13941818	13941918	100
10147	18	13942718	13942818	100
10148	18	13944018	13944118	100
10149	18	13944418	13944518	100
10150	18	13946318	13946418	100
10151	18	13946518	13946718	200
10152	18	13947118	13947218	100
10153	18	13947518	13947618	100
10154	18	13948018	13948118	100
10155	18	13948318	13948418	100
10156	18	13949218	13949418	200
10157	18	13950318	13950418	100
10158	18	13950618	13950818	200
10159	18	13952718	13953018	300
10160	18	13953618	13953718	100
10161	18	13954118	13954218	100
10162	18	13954918	13955018	100
10163	18	13955118	13955418	300
10164	18	13956018	13956118	100
10165	18	13956818	13956918	100
10166	18	13957718	13957918	200
10167	18	13958318	13958418	100
10168	18	13958618	13958718	100
10169	18	13959318	13959518	200
10170	18	13959618	13959718	100
10171	18	13959818	13960018	200
10172	18	13960118	13960218	100
10173	18	13961018	13961118	100
10174	18	13961418	13961518	100
10175	18	13961718	13961918	200
10176	18	13962318	13962418	100
10177	18	13962818	13962918	100
10178	18	13964418	13964518	100
10179	18	13965018	13965218	200
10180	18	13965918	13966118	200
10181	18	13967118	13967318	200
10182	18	13967718	13967818	100
10183	18	13968518	13968618	100
10184	18	13968918	13969018	100
10185	18	13969518	13969818	300
10186	18	13969918	13970918	1000
10187	18	13971218	13971318	100
10188	18	13971418	13971618	200
10189	18	13972018	13972118	100
10190	18	13972218	13972818	600
10191	18	13972918	13973018	100
10192	18	13973518	13973618	100
10193	18	13974618	13974718	100
10194	18	13974918	13975218	300
10195	18	13976618	13976718	100
10196	18	13978218	13978318	100
10197	18	13979918	13980018	100
10198	18	13981018	13981118	100
10199	18	13982318	13982418	100
10200	18	13982518	13982618	100
10201	18	13982918	13983018	100
10202	18	13983518	13983618	100
10203	18	13985018	13985218	200
10204	18	13986818	13986918	100
10205	18	13987118	13987218	100
10206	18	13987418	13987618	200
10207	18	13987718	13987818	100
10208	18	13989218	13989418	200
10209	18	13990118	13990218	100
10210	18	13990618	13990818	200
10211	18	13991018	13991118	100
10212	18	13991218	13991318	100
10213	18	13991818	13991918	100
10214	18	13992418	13992518	100
10215	18	13993018	13993218	200
10216	18	13994218	13994318	100
10217	18	13994518	13994618	100
10218	18	13994818	13994918	100
10219	18	13995318	13995418	100
10220	18	13995818	13995918	100
10221	18	13996018	13996118	100
10222	18	13999518	13999618	100
10223	18	14000018	14000118	100
10224	18	14000718	14000818	100
10225	18	14001518	14001618	100
10226	18	14002818	14002918	100
10227	18	14003018	14003318	300
10228	18	14004318	14004418	100
10229	18	14004818	14004918	100
10230	18	14009118	14009218	100
10231	18	14009418	14009718	300
10232	18	14011518	14011718	200
10233	18	14013618	14013718	100
10234	18	14015118	14015218	100
10235	18	14015318	14015418	100
10236	18	14016218	14016318	100
10237	18	14017018	14017118	100
10238	18	14019018	14019118	100
10239	18	14020018	14020118	100
10240	18	14020918	14021018	100
10241	18	14021318	14021418	100
10242	18	14021718	14021818	100
10243	18	14023018	14023118	100
10244	18	14028718	14028818	100
10245	18	14029218	14029418	200
10246	18	14030718	14030818	100
10247	18	14033418	14033518	100
10248	18	14034718	14035018	300
10249	18	14035318	14035418	100
10250	18	14035818	14035918	100
10251	18	14036218	14036318	100
10252	18	14036418	14036518	100
10253	18	14036618	14036718	100
10254	18	14036818	14037118	300
10255	18	14037318	14037418	100
10256	18	14038118	14038218	100
10257	18	14038318	14038418	100
10258	18	14038718	14038818	100
10259	18	14038918	14039018	100
10260	18	14039118	14039218	100
10261	18	14040718	14041118	400
10262	18	14042318	14042418	100
10263	18	14042618	14042718	100
10264	18	14042818	14043018	200
10265	18	14043318	14043418	100
10266	18	14043618	14043718	100
10267	18	14043818	14043918	100
10268	18	14045218	14045318	100
10269	18	14047318	14047418	100
10270	18	14047518	14047818	300
10271	18	14047918	14048018	100
10272	18	14049018	14049118	100
10273	18	14049518	14049618	100
10274	18	14049718	14050018	300
10275	18	14050118	14050218	100
10276	18	14050418	14050518	100
10277	18	14050618	14050718	100
10278	18	14051218	14051318	100
10279	18	14052818	14052918	100
10280	18	14054018	14054118	100
10281	18	14054718	14054818	100
10282	18	14055318	14055418	100
10283	18	14056618	14056818	200
10284	18	14056918	14057018	100
10285	18	14057218	14057418	200
10286	18	14057518	14057618	100
10287	18	14058018	14058118	100
10288	18	14059318	14059418	100
10289	18	14061118	14061218	100
10290	18	14061918	14062018	100
10291	18	14062118	14062218	100
10292	18	14063118	14063518	400
10293	18	14063618	14063918	300
10294	18	14064018	14064118	100
10295	18	14064218	14064318	100
10296	18	14064418	14064518	100
10297	18	14064818	14064918	100
10298	18	14066218	14066318	100
10299	18	14066518	14066618	100
10300	18	14066718	14066818	100
10301	18	14067118	14067218	100
10302	18	14068118	14068218	100
10303	18	14068818	14068918	100
10304	18	14069418	14069518	100
10305	18	14070318	14070418	100
10306	18	14070518	14070918	400
10307	18	14071018	14071218	200
10308	18	14072318	14072418	100
10309	18	14072618	14072818	200
10310	18	14078018	14078118	100
10311	18	14078418	14078518	100
10312	18	14080418	14080518	100
10313	18	14081418	14081518	100
10314	18	14085618	14085718	100
10315	18	14087318	14087518	200
10316	18	14089818	14089918	100
10317	18	14091218	14091318	100
10318	18	14091418	14091518	100
10319	18	14093618	14093718	100
10320	18	14094418	14094518	100
10321	18	14098318	14098418	100
10322	18	14098618	14098718	100
10323	18	14098818	14098918	100
10324	18	14099618	14099718	100
10325	18	14100618	14100718	100
10326	18	14102018	14102118	100
10327	18	14106618	14106718	100
10328	18	14106918	14107018	100
10329	18	14108518	14108618	100
10330	18	14109618	14109718	100
10331	18	14110018	14110118	100
10332	18	14110218	14110318	100
10333	18	14111118	14111218	100
10334	18	14111318	14111418	100
10335	18	14112718	14112818	100
10336	18	14114118	14114218	100
10337	18	14115118	14115518	400
10338	18	14116318	14116418	100
10339	18	14117018	14117218	200
10340	18	14118518	14118618	100
10341	18	14119718	14119818	100
10342	18	14119918	14120018	100
10343	18	14126018	14126118	100
10344	18	14128818	14128918	100
10345	18	14130918	14131018	100
10346	18	14131218	14131318	100
10347	18	14132218	14132318	100
10348	18	14132918	14133018	100
10349	18	14133318	14133418	100
10350	18	14133618	14133718	100
10351	18	14134918	14135118	200
10352	18	14135318	14135418	100
10353	18	14136518	14136718	200
10354	18	14137018	14137118	100
10355	18	14138218	14138318	100
10356	18	14141118	14141218	100
10357	18	14141318	14141418	100
10358	18	14143318	14143418	100
10359	18	14144218	14144418	200
10360	18	14145618	14145718	100
10361	18	14146018	14146118	100
10362	18	14146218	14146318	100
10363	18	14147018	14147218	200
10364	18	14148818	14148918	100
10365	18	14149918	14150018	100
10366	18	14151718	14151818	100
10367	18	14152218	14152318	100
10368	18	14152718	14152818	100
10369	18	14154118	14154218	100
10370	18	14156718	14156818	100
10371	18	14157018	14157218	200
10372	18	14158718	14158818	100
10373	18	14160018	14160118	100
10374	18	14162518	14162618	100
10375	18	14165918	14166018	100
10376	18	14166118	14166218	100
10377	18	14166418	14166518	100
10378	18	14167818	14167918	100
10379	18	14168018	14168118	100
10380	18	14168618	14168718	100
10381	18	14169018	14169118	100
10382	18	14169518	14169618	100
10383	18	14169918	14170018	100
10384	18	14170518	14170618	100
10385	18	14170918	14171018	100
10386	18	14172218	14172318	100
10387	18	14172918	14173018	100
10388	18	14174818	14175018	200
10389	18	14177218	14177418	200
10390	18	14177518	14177618	100
10391	18	14177918	14178218	300
10392	18	14179318	14179418	100
10393	18	14180918	14181018	100
10394	18	14188318	14188418	100
10395	18	14189218	14189318	100
10396	18	14189718	14189818	100
10397	18	14191018	14191118	100
10398	18	14192218	14192318	100
10399	18	14192818	14193018	200
10400	18	14193318	14193618	300
10401	18	14193718	14193818	100
10402	18	14193918	14194018	100
10403	18	14194618	14194718	100
10404	18	14195018	14195118	100
10405	18	14197118	14197318	200
10406	18	14199018	14199118	100
10407	18	14200418	14200518	100
10408	18	14200818	14201018	200
10409	18	14202218	14202318	100
10410	18	14202418	14202518	100
10411	18	14202618	14202718	100
10412	18	14202818	14203418	600
10413	18	14203618	14203718	100
10414	18	14204918	14205018	100
10415	18	14207118	14207318	200
10416	18	14207418	14207618	200
10417	18	14208018	14208118	100
10418	18	14208718	14208818	100
10419	18	14209818	14209918	100
10420	18	14210018	14210218	200
10421	18	14211718	14212018	300
10422	18	14212218	14212318	100
10423	18	14212418	14212518	100
10424	18	14212618	14212718	100
10425	18	14215518	14215618	100
10426	18	14216418	14216518	100
10427	18	14217318	14217518	200
10428	18	14218418	14218518	100
10429	18	14219318	14219818	500
10430	18	14220818	14221218	400
10431	18	14221318	14221418	100
10432	18	14221718	14221818	100
10433	18	14222318	14222418	100
10434	18	14222618	14222718	100
10435	18	14222918	14223118	200
10436	18	14223418	14223518	100
10437	18	14225918	14226118	200
10438	18	14226618	14226718	100
10439	18	14229118	14229218	100
10440	18	14229318	14229418	100
10441	18	14229518	14229618	100
10442	18	14229918	14230118	200
10443	18	14230418	14230718	300
10444	18	14231618	14231718	100
10445	18	14232018	14232118	100
10446	18	14232418	14232518	100
10447	18	14233018	14233118	100
10448	18	14233218	14233318	100
10449	18	14235118	14235218	100
10450	18	14238918	14239018	100
10451	18	14239218	14239418	200
10452	18	14239518	14239618	100
10453	18	14240418	14240518	100
10454	18	14243618	14243718	100
10455	18	14245018	14245118	100
10456	18	14245218	14245318	100
10457	18	14245518	14245618	100
10458	18	14248318	14248718	400
10459	18	14250018	14250118	100
10460	18	14250718	14250818	100
10461	18	14252718	14252818	100
10462	18	14253418	14253518	100
10463	18	14253818	14253918	100
10464	18	14254018	14254118	100
10465	18	14254218	14254318	100
10466	18	14254418	14254518	100
10467	18	14255218	14255318	100
10468	18	14256018	14256218	200
10469	18	14256418	14256618	200
10470	18	14260218	14260418	200
10471	18	14260518	14260618	100
10472	18	14260818	14260918	100
10473	18	14261118	14261318	200
10474	18	14261418	14261518	100
10475	18	14262118	14262218	100
10476	18	14262418	14262518	100
10477	18	14262718	14262818	100
10478	18	14262918	14263018	100
10479	18	14263618	14263718	100
10480	18	14264318	14264418	100
10481	18	14268418	14268718	300
10482	18	14268818	14268918	100
10483	18	14270018	14270118	100
10484	18	14270818	14270918	100
10485	18	14272018	14272118	100
10486	18	14273718	14273818	100
10487	18	14274218	14274318	100
10488	18	14275118	14275218	100
10489	18	14276218	14276318	100
10490	18	14276418	14276518	100
10491	18	14277218	14277318	100
10492	18	14277818	14277918	100
10493	18	14279018	14279118	100
10494	18	14280018	14280118	100
10495	18	14281818	14281918	100
10496	18	14286018	14286118	100
10497	18	14286818	14286918	100
10498	18	14287918	14288018	100
10499	18	14290218	14290318	100
10500	18	14293518	14293618	100
10501	18	14293918	14294018	100
10502	18	14294218	14294318	100
10503	18	14294718	14294818	100
10504	18	14295018	14295218	200
10505	18	14295618	14295818	200
10506	18	14296418	14296518	100
10507	18	14296618	14296718	100
10508	18	14297118	14297218	100
10509	18	14300018	14300218	200
10510	18	14300718	14300918	200
10511	18	14301218	14301318	100
10512	18	14301618	14301818	200
10513	18	14302518	14302618	100
10514	18	14303718	14303818	100
10515	18	14304618	14304718	100
10516	18	14305518	14305618	100
10517	18	14306118	14306418	300
10518	18	14306518	14306618	100
10519	18	14307718	14307918	200
10520	18	14308218	14308518	300
10521	18	14308618	14308718	100
10522	18	14309118	14309318	200
10523	18	14309418	14309518	100
10524	18	14310418	14310518	100
10525	18	14311918	14312018	100
10526	18	14312118	14312218	100
10527	18	14312718	14312918	200
10528	18	14313018	14313318	300
10529	18	14315218	14315318	100
10530	18	14315918	14316218	300
10531	18	14317318	14317518	200
10532	18	14319118	14319318	200
10533	18	14320318	14320618	300
10534	18	14321418	14321518	100
10535	18	14321618	14321718	100
10536	18	14321818	14321918	100
10537	18	14322118	14322218	100
10538	18	14322718	14322918	200
10539	18	14323918	14324018	100
10540	18	14325418	14325718	300
10541	18	14326118	14326218	100
10542	18	14326718	14326818	100
10543	18	14327218	14327418	200
10544	18	14327618	14327718	100
10545	18	14331018	14332018	1000
10546	18	14332418	14332518	100
10547	18	14332818	14332918	100
10548	18	14333218	14333418	200
10549	18	14333518	14333718	200
10550	18	14333918	14334018	100
10551	18	14335218	14335318	100
10552	18	14335518	14335718	200
10553	18	14336918	14337018	100
10554	18	14337318	14337418	100
10555	18	14337518	14337618	100
10556	18	14343818	14343918	100
10557	18	14344118	14344218	100
10558	18	14344518	14344718	200
10559	18	14345418	14345518	100
10560	18	14347218	14347318	100
10561	18	14348418	14348618	200
10562	18	14350418	14350518	100
10563	18	14350618	14350818	200
10564	18	14351418	14351518	100
10565	18	14351618	14352018	400
10566	18	14353118	14353218	100
10567	18	14353918	14354118	200
10568	18	14354418	14354518	100
10569	18	14358418	14358518	100
10570	18	14359818	14359918	100
10571	18	14360318	14360418	100
10572	18	14360618	14360718	100
10573	18	14365718	14365818	100
10574	18	14365918	14366018	100
10575	18	14367718	14367818	100
10576	18	14368718	14368818	100
10577	18	14368918	14369018	100
10578	18	14369118	14369318	200
10579	18	14369418	14369618	200
10580	18	14369818	14370018	200
10581	18	14370218	14370318	100
10582	18	14370618	14370718	100
10583	18	14370818	14371018	200
10584	18	14371218	14371318	100
10585	18	14371718	14371818	100
10586	18	14373218	14373318	100
10587	18	14373518	14373618	100
10588	18	14374218	14374318	100
10589	18	14377318	14377418	100
10590	18	14377818	14377918	100
10591	18	14379118	14379218	100
10592	18	14379318	14379518	200
10593	18	14380418	14380518	100
10594	18	14380718	14380818	100
10595	18	14380918	14381118	200
10596	18	14381318	14381418	100
10597	18	14381618	14381718	100
10598	18	14382018	14382118	100
10599	18	14382518	14382618	100
10600	18	14382818	14382918	100
10601	18	14385918	14386018	100
10602	18	14386218	14386318	100
10603	18	14386918	14387018	100
10604	18	14387118	14387218	100
10605	18	14387418	14387618	200
10606	18	14387718	14387818	100
10607	18	14391418	14391518	100
10608	18	14393218	14393318	100
10609	18	14395418	14395618	200
10610	18	14396818	14396918	100
10611	18	14397818	14397918	100
10612	18	14398318	14398418	100
10613	18	14400218	14400318	100
10614	18	14400618	14400718	100
10615	18	14400918	14401018	100
10616	18	14401818	14401918	100
10617	18	14402018	14402318	300
10618	18	14402918	14403118	200
10619	18	14403318	14403418	100
10620	18	14403718	14403818	100
10621	18	14404218	14404318	100
10622	18	14405018	14405218	200
10623	18	14405318	14405418	100
10624	18	14405818	14405918	100
10625	18	14407318	14407418	100
10626	18	14407518	14407718	200
10627	18	14412318	14412418	100
10628	18	14412618	14412718	100
10629	18	14413318	14413418	100
10630	18	14413818	14414118	300
10631	18	14414718	14414818	100
10632	18	14414918	14415018	100
10633	18	14415218	14415318	100
10634	18	14415818	14416018	200
10635	18	14416618	14416718	100
10636	18	14416918	14417018	100
10637	18	14417218	14417518	300
10638	18	14418518	14418618	100
10639	18	14418918	14419018	100
10640	18	14420518	14420618	100
10641	18	14421418	14421518	100
10642	18	14422218	14422318	100
10643	18	14422418	14422518	100
10644	18	14423418	14423518	100
10645	18	14423718	14423818	100
10646	18	14424418	14424518	100
10647	18	14424718	14424918	200
10648	18	14428018	14428118	100
10649	18	14430818	14430918	100
10650	18	14431318	14431418	100
10651	18	14432318	14432418	100
10652	18	14433118	14433318	200
10653	18	14433918	14434018	100
10654	18	14436318	14436418	100
10655	18	14436518	14436718	200
10656	18	14437118	14437318	200
10657	18	14437418	14437518	100
10658	18	14438118	14438218	100
10659	18	14438418	14438618	200
10660	18	14438718	14438918	200
10661	18	14442618	14442718	100
10662	18	14443518	14443618	100
10663	18	14443818	14443918	100
10664	18	14444018	14444118	100
10665	18	14444318	14444418	100
10666	18	14444618	14444718	100
10667	18	14446718	14446818	100
10668	18	14448518	14448618	100
10669	18	14454818	14454918	100
10670	18	14455418	14455518	100
10671	18	14457318	14457418	100
10672	18	14457518	14457618	100
10673	18	14458118	14458418	300
10674	18	14459118	14459318	200
10675	18	14459418	14459618	200
10676	18	14459718	14460118	400
10677	18	14461118	14461318	200
10678	18	14462218	14462318	100
10679	18	14462618	14462718	100
10680	18	14463818	14463918	100
10681	18	14465218	14465318	100
10682	18	14465518	14465618	100
10683	18	14467218	14467318	100
10684	18	14467418	14467618	200
10685	18	14467718	14467818	100
10686	18	14468418	14468618	200
10687	18	14469418	14469518	100
10688	18	14470218	14470318	100
10689	18	14470618	14470718	100
10690	18	14471618	14471718	100
10691	18	14471818	14471918	100
10692	18	14472118	14472218	100
10693	18	14473618	14473718	100
10694	18	14473918	14474018	100
10695	18	14474218	14474418	200
10696	18	14474518	14474718	200
10697	18	14475318	14475418	100
10698	18	14476418	14476518	100
10699	18	14476718	14476818	100
10700	18	14477518	14477618	100
10701	18	14478618	14478918	300
10702	18	14479018	14479218	200
10703	18	14479418	14479518	100
10704	18	14479718	14480018	300
10705	18	14480118	14480218	100
10706	18	14481518	14481618	100
10707	18	14481718	14481818	100
10708	18	14482018	14482118	100
10709	18	14482618	14482718	100
10710	18	14483418	14483518	100
10711	18	14483918	14484318	400
10712	18	14485718	14485818	100
10713	18	14485918	14486018	100
10714	18	14486218	14486318	100
10715	18	14486618	14486718	100
10716	18	14486818	14486918	100
10717	18	14487218	14487418	200
10718	18	14487518	14487618	100
10719	18	14488118	14488218	100
10720	18	14489018	14489118	100
10721	18	14489318	14489418	100
10722	18	14489618	14489818	200
10723	18	14490518	14490618	100
10724	18	14490918	14491118	200
10725	18	14492018	14492218	200
10726	18	14493818	14493918	100
10727	18	14494018	14494218	200
10728	18	14495118	14495218	100
10729	18	14495718	14495918	200
10730	18	14496118	14496218	100
10731	18	14496318	14496418	100
10732	18	14496818	14496918	100
10733	18	14497318	14497418	100
10734	18	14497618	14497818	200
10735	18	14498418	14498518	100
10736	18	14498818	14499418	600
10737	18	14499618	14499718	100
10738	18	14500018	14500118	100
10739	18	14500218	14500418	200
10740	18	14500618	14500718	100
10741	18	14501118	14501218	100
10742	18	14502218	14502418	200
10743	18	14502818	14503018	200
10744	18	14503118	14503418	300
10745	18	14503618	14503718	100
10746	18	14504718	14504818	100
10747	18	14505018	14505218	200
10748	18	14505718	14505918	200
10749	18	14507618	14507718	100
10750	18	14507818	14508118	300
10751	18	14508218	14508318	100
10752	18	14509618	14509718	100
10753	18	14510918	14511018	100
10754	18	14511218	14511318	100
10755	18	14511418	14511618	200
10756	18	14512218	14512418	200
10757	18	14512518	14512618	100
10758	18	14513618	14513718	100
10759	18	14514218	14514318	100
10760	18	14514618	14514818	200
10761	18	14515318	14515418	100
10762	18	14515518	14515818	300
10763	18	14515918	14516118	200
10764	18	14516818	14516918	100
10765	18	14517418	14517518	100
10766	18	14519318	14519418	100
10767	18	14519718	14519818	100
10768	18	14519918	14520018	100
10769	18	14520718	14520918	200
10770	18	14521818	14521918	100
10771	18	14524518	14524618	100
10772	18	14525018	14525118	100
10773	18	14525618	14525718	100
10774	18	14525818	14525918	100
10775	18	14526318	14526718	400
10776	18	14527518	14527618	100
10777	18	14528018	14528118	100
10778	18	14530818	14530918	100
10779	18	14531018	14531218	200
10780	18	14535918	14536018	100
10781	18	14536518	14536618	100
10782	18	14537518	14537618	100
10783	18	14538918	14539118	200
10784	18	14539818	14539918	100
10785	18	14541518	14541718	200
10786	18	14542418	14542518	100
10787	18	14542618	14542718	100
10788	18	14542818	14542918	100
10789	18	14543818	14543918	100
10790	18	14544018	14544118	100
10791	18	14544318	14544418	100
10792	18	14545718	14545818	100
10793	18	14546318	14546418	100
10794	18	14546818	14546918	100
10795	18	14547318	14547418	100
10796	18	14552618	14552718	100
10797	18	14552818	14552918	100
10798	18	14553018	14553118	100
10799	18	14553218	14553318	100
10800	18	14554618	14554718	100
10801	18	14555218	14555418	200
10802	18	14555518	14555618	100
10803	18	14561818	14561918	100
10804	18	14562818	14562918	100
10805	18	14566718	14566818	100
10806	18	14566918	14567018	100
10807	18	14567118	14567218	100
10808	18	14567818	14567918	100
10809	18	14568218	14568318	100
10810	18	14568418	14568518	100
10811	18	14568918	14569018	100
10812	18	14569318	14569518	200
10813	18	14572818	14573318	500
10814	18	14574018	14574118	100
10815	18	14574218	14574318	100
10816	18	14574418	14574518	100
10817	18	14574818	14574918	100
10818	18	14575218	14575318	100
10819	18	14575618	14575818	200
10820	18	14577518	14577618	100
10821	18	14577918	14578018	100
10822	18	14578518	14578618	100
10823	18	14579318	14579518	200
10824	18	14579918	14580018	100
10825	18	14580118	14580218	100
10826	18	14580318	14580418	100
10827	18	14581118	14581218	100
10828	18	14581918	14582018	100
10829	18	14582418	14582518	100
10830	18	14582818	14583018	200
10831	18	14583118	14583218	100
10832	18	14584518	14584618	100
10833	18	14585018	14585118	100
10834	18	14585418	14585718	300
10835	18	14585818	14585918	100
10836	18	14586018	14586118	100
10837	18	14586218	14586318	100
10838	18	14586918	14587118	200
10839	18	14587418	14587518	100
10840	18	14587718	14587818	100
10841	18	14588318	14588418	100
10842	18	14589118	14589218	100
10843	18	14589318	14589418	100
10844	18	14590618	14590718	100
10845	18	14592318	14592718	400
10846	18	14596618	14596718	100
10847	18	14596918	14597018	100
10848	18	14598118	14598218	100
10849	18	14599018	14599118	100
10850	18	14600018	14600118	100
10851	18	14600318	14600518	200
10852	18	14600818	14600918	100
10853	18	14601118	14601418	300
10854	18	14601818	14601918	100
10855	18	14602118	14602218	100
10856	18	14602718	14602818	100
10857	18	14603518	14603818	300
10858	18	14603918	14604018	100
10859	18	14604318	14604518	200
10860	18	14604618	14604718	100
10861	18	14606318	14606418	100
10862	18	14607418	14607518	100
10863	18	14607618	14607918	300
10864	18	14608118	14608218	100
10865	18	14608518	14608618	100
10866	18	14608918	14609018	100
10867	18	14609918	14610018	100
10868	18	14610518	14610718	200
10869	18	14611118	14611218	100
10870	18	14612018	14612118	100
10871	18	14612818	14612918	100
10872	18	14613018	14613118	100
10873	18	14613318	14613518	200
10874	18	14613618	14614018	400
10875	18	14615118	14615218	100
10876	18	14615418	14615518	100
10877	18	14615618	14615718	100
10878	18	14615918	14616118	200
10879	18	14616218	14616318	100
10880	18	14616418	14616518	100
10881	18	14616618	14616818	200
10882	18	14617018	14617218	200
10883	18	14617318	14617418	100
10884	18	14617518	14617618	100
10885	18	14618118	14618218	100
10886	18	14618718	14619018	300
10887	18	14619218	14619318	100
10888	18	14619718	14619818	100
10889	18	14620018	14620318	300
10890	18	14620418	14620518	100
10891	18	14621018	14621218	200
10892	18	14621318	14621518	200
10893	18	14621818	14621918	100
10894	18	14622118	14622218	100
10895	18	14622818	14622918	100
10896	18	14625718	14625818	100
10897	18	14626218	14626318	100
10898	18	14626918	14627018	100
10899	18	14627918	14628018	100
10900	18	14628518	14628718	200
10901	18	14629318	14629418	100
10902	18	14629618	14629718	100
10903	18	14629818	14630118	300
10904	18	14630518	14630618	100
10905	18	14632218	14632318	100
10906	18	14632418	14632618	200
10907	18	14632718	14632818	100
10908	18	14633518	14633618	100
10909	18	14633818	14633918	100
10910	18	14634118	14634218	100
10911	18	14634418	14634618	200
10912	18	14635118	14635318	200
10913	18	14635418	14635518	100
10914	18	14635818	14636018	200
10915	18	14636118	14636318	200
10916	18	14636418	14636718	300
10917	18	14636818	14636918	100
10918	18	14637218	14637318	100
10919	18	14638518	14638718	200
10920	18	14639718	14639818	100
10921	18	14640318	14640518	200
10922	18	14641018	14641118	100
10923	18	14641218	14641318	100
10924	18	14641518	14641718	200
10925	18	14642018	14642118	100
10926	18	14642218	14643118	900
10927	18	14643318	14643518	200
10928	18	14644818	14644918	100
10929	18	14645918	14646018	100
10930	18	14646518	14646718	200
10931	18	14647018	14647218	200
10932	18	14647618	14647718	100
10933	18	14647818	14647918	100
10934	18	14648018	14648118	100
10935	18	14648918	14649018	100
10936	18	14649818	14649918	100
10937	18	14650018	14650218	200
10938	18	14650418	14650518	100
10939	18	14650618	14650918	300
10940	18	14651018	14651218	200
10941	18	14651418	14651518	100
10942	18	14652018	14652218	200
10943	18	14653018	14653118	100
10944	18	14653518	14653618	100
10945	18	14653718	14653918	200
10946	18	14654018	14654118	100
10947	18	14654418	14654518	100
10948	18	14654818	14655218	400
10949	18	14655618	14655718	100
10950	18	14656718	14656918	200
10951	18	14657018	14657518	500
10952	18	14657618	14657718	100
10953	18	14658518	14658618	100
10954	18	14658818	14658918	100
10955	18	14659218	14659318	100
10956	18	14659518	14659618	100
10957	18	14659718	14660018	300
10958	18	14660218	14660418	200
10959	18	14660618	14660818	200
10960	18	14661318	14661418	100
10961	18	14661718	14662118	400
10962	18	14662318	14662518	200
10963	18	14663118	14663218	100
10964	18	14663918	14664218	300
10965	18	14664418	14664518	100
10966	18	14664618	14664718	100
10967	18	14665018	14665118	100
10968	18	14665718	14665818	100
10969	18	14666118	14666718	600
10970	18	14667118	14667318	200
10971	18	14667518	14667618	100
10972	18	14668418	14668518	100
10973	18	14668718	14669018	300
10974	18	14669918	14670018	100
10975	18	14670718	14670818	100
10976	18	14671018	14671318	300
10977	18	14671718	14671818	100
10978	18	14672318	14672418	100
10979	18	14672718	14672918	200
10980	18	14673818	14673918	100
10981	18	14674518	14674618	100
10982	18	14674718	14674818	100
10983	18	14674918	14675018	100
10984	18	14675618	14675818	200
10985	18	14676618	14677218	600
10986	18	14677318	14677518	200
10987	18	14677918	14678018	100
10988	18	14678118	14678218	100
10989	18	14678918	14679118	200
10990	18	14680318	14680418	100
10991	18	14681118	14681218	100
10992	18	14681718	14682018	300
10993	18	14682118	14682318	200
10994	18	14682418	14682518	100
10995	18	14682718	14683518	800
10996	18	14683618	14683718	100
10997	18	14683818	14683918	100
10998	18	14684418	14684518	100
10999	18	14685218	14685318	100
11000	18	14686718	14686818	100
11001	18	14688218	14688318	100
11002	18	14688418	14688518	100
11003	18	14692918	14693018	100
11004	18	14693218	14693318	100
11005	18	14693818	14694018	200
11006	18	14695718	14695918	200
11007	18	14696418	14696518	100
11008	18	14696918	14697018	100
11009	18	14697318	14697418	100
11010	18	14699118	14699218	100
11011	18	14700118	14700218	100
11012	18	14701118	14701218	100
11013	18	14701718	14701818	100
11014	18	14701918	14702018	100
11015	18	14702318	14702518	200
11016	18	14703518	14703618	100
11017	18	14705918	14706518	600
11018	18	14706718	14706818	100
11019	18	14707918	14708018	100
11020	18	14710718	14710918	200
11021	18	14711118	14711218	100
11022	18	14711718	14711818	100
11023	18	14713818	14714218	400
11024	18	14714618	14715018	400
11025	18	14715218	14715318	100
11026	18	14719318	14719518	200
11027	18	14720518	14720618	100
11028	18	14721018	14721118	100
11029	18	14721218	14721318	100
11030	18	14722518	14722618	100
11031	18	14723718	14723818	100
11032	18	14724118	14724318	200
11033	18	14724818	14725018	200
11034	18	14725418	14725518	100
11035	18	14725618	14725718	100
11036	18	14726318	14726418	100
11037	18	14726518	14726718	200
11038	18	14728518	14728618	100
11039	18	14729918	14730118	200
11040	18	14731018	14731118	100
11041	18	14739118	14739218	100
11042	18	14742118	14742218	100
11043	18	14742318	14742418	100
11044	18	14743018	14743118	100
11045	18	14743618	14743718	100
11046	18	14744018	14744118	100
11047	18	14744418	14744518	100
11048	18	14745018	14745118	100
11049	18	14749418	14749518	100
11050	18	14750618	14750718	100
11051	18	14751118	14751218	100
11052	18	14751418	14752018	600
11053	18	14753818	14753918	100
11054	18	14755118	14755218	100
11055	18	14756018	14756118	100
11056	18	14756218	14756318	100
11057	18	14756618	14756718	100
11058	18	14756918	14757018	100
11059	18	14757518	14757618	100
11060	18	14757718	14757918	200
11061	18	14759418	14759518	100
11062	18	14760918	14761018	100
11063	18	14761918	14762118	200
11064	18	14764118	14764318	200
11065	18	14765718	14765818	100
11066	18	14766218	14766418	200
11067	18	14766618	14766718	100
11068	18	14767418	14767618	200
11069	18	14767718	14767818	100
11070	18	14768318	14768418	100
11071	18	14768618	14768818	200
11072	18	14768918	14769018	100
11073	18	14769218	14769318	100
11074	18	14769418	14769518	100
11075	18	14770818	14770918	100
11076	18	14771718	14771818	100
11077	18	14771918	14772018	100
11078	18	14772218	14772418	200
11079	18	14772618	14772818	200
11080	18	14773718	14773818	100
11081	18	14773918	14774118	200
11082	18	14775418	14775518	100
11083	18	14775618	14776018	400
11084	18	14777518	14777618	100
11085	18	14778418	14778518	100
11086	18	14779818	14780018	200
11087	18	14780318	14780418	100
11088	18	14781118	14781218	100
11089	18	14782018	14782418	400
11090	18	14782918	14783418	500
11091	18	14783618	14784218	600
11092	18	14784618	14784818	200
11093	18	14784918	14785018	100
11094	18	14785218	14785318	100
11095	18	14785518	14785618	100
11096	18	14787018	14787118	100
11097	18	14788918	14789118	200
11098	18	14789918	14790018	100
11099	18	14794518	14794618	100
11100	18	14797918	14798018	100
11101	18	14798918	14799018	100
11102	18	14802118	14802218	100
11103	18	14802418	14802518	100
11104	18	14805818	14805918	100
11105	18	14808018	14808118	100
11106	18	14809218	14809318	100
11107	18	14810918	14811018	100
11108	18	14811318	14811418	100
11109	18	14811518	14811618	100
11110	18	14811718	14811818	100
11111	18	14813318	14813718	400
11112	18	14814918	14815018	100
11113	18	14815118	14815218	100
11114	18	14815518	14815618	100
11115	18	14816418	14816518	100
11116	18	14816718	14816918	200
11117	18	14817018	14817118	100
11118	18	14818118	14818218	100
11119	18	14819118	14819218	100
11120	18	14820318	14820418	100
11121	18	14821418	14821518	100
11122	18	14827018	14827218	200
11123	18	14832018	14832118	100
11124	18	14832518	14832618	100
11125	18	14833018	14833118	100
11126	18	14833218	14833418	200
11127	18	14834318	14834418	100
11128	18	14836818	14836918	100
11129	18	14837918	14838018	100
11130	18	14839818	14840018	200
11131	18	14842818	14842918	100
11132	18	14844218	14844318	100
11133	18	14844518	14844718	200
11134	18	14844818	14844918	100
11135	18	14847018	14847118	100
11136	18	14848318	14848418	100
11137	18	14848618	14848718	100
11138	18	14848818	14848918	100
11139	18	14849518	14849618	100
11140	18	14849818	14849918	100
11141	18	14850018	14850118	100
11142	18	14850518	14850718	200
11143	18	14850918	14851018	100
11144	18	14851218	14851318	100
11145	18	14851718	14851818	100
11146	18	14854818	14854918	100
11147	18	14855518	14855618	100
11148	18	14860418	14860518	100
11149	18	14862118	14862218	100
11150	18	14862518	14862718	200
11151	18	14862818	14863018	200
11152	18	14863318	14863418	100
11153	18	14866518	14866618	100
11154	18	14869818	14869918	100
11155	18	14870718	14870818	100
11156	18	14871518	14871618	100
11157	18	14877818	14877918	100
11158	18	14885018	14885218	200
11159	18	14885518	14885618	100
11160	18	14886318	14886418	100
11161	18	14887718	14887818	100
11162	18	14888718	14888818	100
11163	18	14889918	14890018	100
11164	18	14890118	14890218	100
11165	18	14890418	14890518	100
11166	18	14890618	14890718	100
11167	18	14891018	14891118	100
11168	18	14891318	14891418	100
11169	18	14891718	14891918	200
11170	18	14892018	14892118	100
11171	18	14895218	14895318	100
11172	18	14895818	14895918	100
11173	18	14896018	14896118	100
11174	18	14896618	14896718	100
11175	18	14897018	14897118	100
11176	18	14897218	14897318	100
11177	18	14898218	14898318	100
11178	18	14898618	14898718	100
11179	18	14900018	14900118	100
11180	18	14901218	14901318	100
11181	18	14901818	14901918	100
11182	18	14902618	14902718	100
11183	18	14903518	14903618	100
11184	18	14904218	14904318	100
11185	18	14905218	14905318	100
11186	18	14907718	14907818	100
11187	18	14908018	14908118	100
11188	18	14908618	14908718	100
11189	18	14909618	14909718	100
11190	18	14909818	14909918	100
11191	18	14910518	14910718	200
11192	18	14912718	14913018	300
11193	18	14913118	14913218	100
11194	18	14913418	14913518	100
11195	18	14914518	14915118	600
11196	18	14915818	14916018	200
11197	18	14916218	14916318	100
11198	18	14916718	14916818	100
11199	18	14917218	14917818	600
11200	18	14918018	14918118	100
11201	18	14918418	14918818	400
11202	18	14919218	14919318	100
11203	18	14919418	14919518	100
11204	18	14919718	14919918	200
11205	18	14920318	14920418	100
11206	18	14921418	14921518	100
11207	18	14922218	14922318	100
11208	18	14923018	14923118	100
11209	18	14928318	14928418	100
11210	18	14928618	14928718	100
11211	18	14932018	14932118	100
11212	18	14932518	14932718	200
11213	18	14934218	14934318	100
11214	18	14934818	14935018	200
11215	18	14935218	14935318	100
11216	18	14935818	14935918	100
11217	18	14936118	14936218	100
11218	18	14936318	14936418	100
11219	18	14936618	14936818	200
11220	18	14936918	14937218	300
11221	18	14937518	14937718	200
11222	18	14937818	14937918	100
11223	18	14938018	14938118	100
11224	18	14938218	14938318	100
11225	18	14938518	14938618	100
11226	18	14939318	14939518	200
11227	18	14939618	14940218	600
11228	18	14940318	14940518	200
11229	18	14940718	14940818	100
11230	18	14941118	14941518	400
11231	18	14941718	14941818	100
11232	18	14941918	14942018	100
11233	18	14942118	14942218	100
11234	18	14942518	14942618	100
11235	18	14943418	14943518	100
11236	18	14943618	14943818	200
11237	18	14944218	14944418	200
11238	18	14945118	14945218	100
11239	18	14945418	14945518	100
11240	18	14945718	14945818	100
11241	18	14946118	14946218	100
11242	18	14946818	14946918	100
11243	18	14947418	14947518	100
11244	18	14948218	14948318	100
11245	18	14948418	14948618	200
11246	18	14948718	14948818	100
11247	18	14949118	14949218	100
11248	18	14949718	14950018	300
11249	18	14950118	14950218	100
11250	18	14951618	14951718	100
11251	18	14951818	14951918	100
11252	18	14953518	14953618	100
11253	18	14953918	14954018	100
11254	18	14955118	14955218	100
11255	18	14961118	14961218	100
11256	18	14962018	14962218	200
11257	18	14963018	14963118	100
11258	18	14964018	14964118	100
11259	18	14964318	14964418	100
11260	18	14964518	14964618	100
11261	18	14964718	14964818	100
11262	18	14965118	14965218	100
11263	18	14965718	14965818	100
11264	18	14966518	14966618	100
11265	18	14966818	14967618	800
11266	18	14967818	14968018	200
11267	18	14968118	14968418	300
11268	18	14968918	14969018	100
11269	18	14970018	14970118	100
11270	18	14970718	14970818	100
11271	18	14970918	14971018	100
11272	18	14971318	14971818	500
11273	18	14971918	14972118	200
11274	18	14972918	14973018	100
11275	18	14973918	14974318	400
11276	18	14974418	14974618	200
11277	18	14974718	14974818	100
11278	18	14975218	14975318	100
11279	18	14975718	14975918	200
11280	18	14976118	14976218	100
11281	18	14976318	14976418	100
11282	18	14976518	14976718	200
11283	18	14977218	14977318	100
11284	18	14977618	14977718	100
11285	18	14977818	14977918	100
11286	18	14979218	14979318	100
11287	18	14979818	14979918	100
11288	18	14980218	14980318	100
11289	18	14980418	14980518	100
11290	18	14980618	14980718	100
11291	18	14980918	14981018	100
11292	18	14981218	14981318	100
11293	18	14982318	14982518	200
11294	18	14983018	14983118	100
11295	18	14983218	14983318	100
11296	18	14983518	14983818	300
11297	18	14984418	14984518	100
11298	18	14984718	14984818	100
11299	18	14985918	14986018	100
11300	18	14986218	14986318	100
11301	18	14987018	14987118	100
11302	18	14987618	14987718	100
11303	18	14987818	14987918	100
11304	18	14988118	14988218	100
11305	18	14988618	14988718	100
11306	18	14988818	14989118	300
11307	18	14989418	14989518	100
11308	18	14990018	14990118	100
11309	18	14990618	14990818	200
11310	18	14991318	14991418	100
11311	18	14992018	14992318	300
11312	18	14992418	14992518	100
11313	18	14992718	14993018	300
11314	18	14993118	14993218	100
11315	18	14993518	14993618	100
11316	18	14994218	14994318	100
11317	18	14995618	14995818	200
11318	18	14995918	14996218	300
11319	18	14997618	14997718	100
11320	18	14997818	14998118	300
11321	18	14998518	14998618	100
11322	18	14999418	14999518	100
11323	18	14999818	14999918	100
11324	18	15000418	15000518	100
11325	18	15000618	15000718	100
11326	18	15000918	15001218	300
11327	18	15002118	15002218	100
11328	18	15002318	15002418	100
11329	18	15002618	15002718	100
11330	18	15002818	15002918	100
11331	18	15003218	15003418	200
11332	18	15003718	15003818	100
11333	18	15004018	15004118	100
11334	18	15004418	15004518	100
11335	18	15005418	15005518	100
11336	18	15005718	15006018	300
11337	18	15007518	15007618	100
11338	18	15008618	15008718	100
11339	18	15009118	15009218	100
11340	18	15010118	15010318	200
11341	18	15010418	15010518	100
11342	18	15010918	15011418	500
11343	18	15012018	15012118	100
11344	18	15012918	15013118	200
11345	18	15013618	15013718	100
11346	18	15013818	15013918	100
11347	18	15014218	15014418	200
11348	18	15014918	15015418	500
11349	18	15015918	15016018	100
11350	18	15016118	15016418	300
11351	18	15016818	15016918	100
11352	18	15017318	15017518	200
11353	18	15017718	15017818	100
11354	18	15019818	15020018	200
11355	18	15020118	15020218	100
11356	18	15020718	15020818	100
11357	18	15020918	15021018	100
11358	18	15021318	15021518	200
11359	18	15021918	15022018	100
11360	18	15022118	15022218	100
11361	18	15022718	15022818	100
11362	18	15022918	15023018	100
11363	18	15023518	15023618	100
11364	18	15023818	15023918	100
11365	18	15024318	15024418	100
11366	18	15024718	15024818	100
11367	18	15025618	15025718	100
11368	18	15026718	15026818	100
11369	18	15026918	15027118	200
11370	18	15028018	15028218	200
11371	18	15029418	15029518	100
11372	18	15029718	15029818	100
11373	18	15030218	15030318	100
11374	18	15030518	15030618	100
11375	18	15030818	15030918	100
11376	18	15031118	15031218	100
11377	18	15031718	15031818	100
11378	18	15032218	15032318	100
11379	18	15032618	15032718	100
11380	18	15033518	15033618	100
11381	18	15034318	15034418	100
11382	18	15034818	15034918	100
11383	18	15035818	15036018	200
11384	18	15036518	15036718	200
11385	18	15036918	15037018	100
11386	18	15037618	15038018	400
11387	18	15038118	15038218	100
11388	18	15038518	15038618	100
11389	18	15038718	15038918	200
11390	18	15039718	15039818	100
11391	18	15040118	15040218	100
11392	18	15040318	15040418	100
11393	18	15040818	15040918	100
11394	18	15041318	15041418	100
11395	18	15041718	15041818	100
11396	18	15042018	15042118	100
11397	18	15043718	15043818	100
11398	18	15045518	15045618	100
11399	18	15046118	15046218	100
11400	18	15046418	15046618	200
11401	18	15046818	15046918	100
11402	18	15047818	15047918	100
11403	18	15048218	15048318	100
11404	18	15048418	15048618	200
11405	18	15050618	15050718	100
11406	18	15050918	15051018	100
11407	18	15051118	15051318	200
11408	18	15051618	15051718	100
11409	18	15052218	15052418	200
11410	18	15053218	15053518	300
11411	18	15053718	15053818	100
11412	18	15054518	15054618	100
11413	18	15056818	15056918	100
11414	18	15060718	15060918	200
11415	18	15061218	15061318	100
11416	18	15061418	15061618	200
11417	18	15061718	15061818	100
11418	18	15061918	15063118	1200
11419	18	15063218	15063318	100
11420	18	15063418	15063718	300
11421	18	15063818	15065218	1400
11422	18	15065318	15065618	300
11423	18	15065818	15066218	400
11424	18	15066318	15066418	100
11425	18	15069218	15069318	100
11426	18	15070618	15070718	100
11427	18	15071218	15071318	100
11428	18	15071418	15071918	500
11429	18	15072018	15072118	100
11430	18	15073118	15073218	100
11431	18	15074618	15074718	100
11432	18	15075318	15075518	200
11433	18	15076118	15076218	100
11434	18	15076518	15076618	100
11435	18	15077018	15077118	100
11436	18	15077318	15077418	100
11437	18	15078718	15078818	100
11438	18	15079518	15079618	100
11439	18	15080918	15081018	100
11440	18	15081118	15081218	100
11441	18	15082818	15082918	100
11442	18	15083718	15083918	200
11443	18	15084318	15084818	500
11444	18	15085318	15085418	100
11445	18	15085618	15085718	100
11446	18	15085818	15086018	200
11447	18	15086318	15086418	100
11448	18	15087018	15087118	100
11449	18	15087718	15087818	100
11450	18	15088318	15088618	300
11451	18	15089218	15089318	100
11452	18	15089818	15089918	100
11453	18	15090418	15090618	200
11454	18	15090818	15091018	200
11455	18	15091318	15091418	100
11456	18	15091918	15092018	100
11457	18	15093418	15093518	100
11458	18	15093618	15093818	200
11459	18	15094118	15094218	100
11460	18	15094518	15094618	100
11461	18	15095018	15095118	100
11462	18	15095318	15095418	100
11463	18	15095918	15096118	200
11464	18	15096418	15096518	100
11465	18	15096818	15096918	100
11466	18	15097218	15097418	200
11467	18	15098618	15098718	100
11468	18	15099018	15099118	100
11469	18	15099218	15099318	100
11470	18	15099418	15099518	100
11471	18	15099718	15099818	100
11472	18	15100818	15100918	100
11473	18	15101018	15101118	100
11474	18	15102918	15103018	100
11475	18	15103118	15103218	100
11476	18	15105518	15105718	200
11477	18	15106118	15106318	200
11478	18	15106718	15106818	100
11479	18	15107018	15107118	100
11480	18	15107318	15107418	100
11481	18	15107618	15107718	100
11482	18	15108118	15108218	100
11483	18	15108318	15108418	100
11484	18	15108718	15108818	100
11485	18	15108918	15109018	100
11486	18	15109118	15109218	100
11487	18	15109318	15109418	100
11488	18	15109618	15109718	100
11489	18	15110018	15110218	200
11490	18	15111018	15111118	100
11491	18	15111618	15111718	100
11492	18	15111818	15111918	100
11493	18	15112718	15112818	100
11494	18	15112918	15113118	200
11495	18	15115918	15116118	200
11496	18	15116918	15117018	100
11497	18	15117118	15117218	100
11498	18	15118718	15118818	100
11499	18	15119318	15119418	100
11500	18	15119618	15119818	200
11501	18	15122018	15122118	100
11502	18	15123218	15123318	100
11503	18	15123918	15124018	100
11504	18	15124218	15124318	100
11505	18	15125618	15125718	100
11506	18	15126618	15126718	100
11507	18	15127018	15127118	100
11508	18	15127218	15127418	200
11509	18	15127518	15127818	300
11510	18	15128018	15128218	200
11511	18	15128418	15128518	100
11512	18	15128618	15128818	200
11513	18	15128918	15129018	100
11514	18	15129718	15129918	200
11515	18	15131918	15132018	100
11516	18	15132118	15132718	600
11517	18	15132818	15133018	200
11518	18	15133618	15133718	100
11519	18	15134518	15134618	100
11520	18	15134818	15134918	100
11521	18	15135218	15135418	200
11522	18	15135518	15135618	100
11523	18	15136318	15136618	300
11524	18	15136818	15137318	500
11525	18	15137418	15137518	100
11526	18	15138018	15138118	100
11527	18	15138318	15138418	100
11528	18	15138818	15139318	500
11529	18	15139718	15139818	100
11530	18	15140318	15140518	200
11531	18	15140618	15140818	200
11532	18	15141018	15141118	100
11533	18	15141218	15141318	100
11534	18	15141518	15141618	100
11535	18	15144018	15144318	300
11536	18	15145118	15145218	100
11537	18	15145318	15145418	100
11538	18	15145818	15145918	100
11539	18	15146818	15146918	100
11540	18	15147118	15147218	100
11541	18	15147318	15147418	100
11542	18	15148718	15148818	100
11543	18	15148918	15149118	200
11544	18	15149518	15149618	100
11545	18	15149718	15150318	600
11546	18	15150418	15150518	100
11547	18	15150618	15150918	300
11548	18	15151118	15151318	200
11549	18	15151418	15151518	100
11550	18	15151718	15152018	300
11551	18	15153718	15154018	300
11552	18	15154218	15154318	100
11553	18	15155118	15155218	100
11554	18	15155918	15156118	200
11555	18	15156218	15156318	100
11556	18	15156418	15156618	200
11557	18	15156918	15157018	100
11558	18	15157818	15157918	100
11559	18	15159418	15159618	200
11560	18	15160218	15160318	100
11561	18	15160618	15160718	100
11562	18	15161418	15161818	400
11563	18	15162218	15162318	100
11564	18	15162718	15162918	200
11565	18	15163218	15163418	200
11566	18	15164018	15164118	100
11567	18	15165318	15165518	200
11568	18	15165718	15165818	100
11569	18	15167718	15168118	400
11570	18	15169018	15169318	300
11571	18	15169618	15169718	100
11572	18	15169818	15170018	200
11573	18	15170518	15170818	300
11574	18	15171818	15171918	100
11575	18	15174318	15174618	300
11576	18	15174718	15175118	400
11577	18	15176318	15176418	100
11578	18	15178618	15178718	100
11579	18	15180818	15180918	100
11580	18	15185418	15185518	100
11581	18	15192318	15192418	100
11582	18	15192718	15192918	200
11583	18	15194618	15195018	400
11584	18	15196318	15196418	100
11585	18	15197218	15197318	100
11586	18	15197518	15197618	100
11587	18	15198718	15199018	300
11588	18	15200218	15200318	100
11589	18	15200918	15201018	100
11590	18	15201518	15201618	100
11591	18	15201818	15202018	200
11592	18	15202318	15202418	100
11593	18	15202518	15202618	100
11594	18	15203618	15203718	100
11595	18	15204018	15204118	100
11596	18	15204318	15204418	100
11597	18	15204818	15204918	100
11598	18	15207018	15207118	100
11599	18	15207218	15207418	200
11600	18	15207718	15207818	100
11601	18	15207918	15208018	100
11602	18	15208118	15208218	100
11603	18	15208518	15208618	100
11604	18	15208718	15209018	300
11605	18	15211418	15211518	100
11606	18	15211618	15211818	200
11607	18	15213318	15213418	100
11608	18	15214318	15214418	100
11609	18	15214518	15214618	100
11610	18	15214718	15215018	300
11611	18	15215718	15215818	100
11612	18	15216118	15216218	100
11613	18	15216418	15216518	100
11614	18	15216618	15216718	100
11615	18	15216818	15217018	200
11616	18	15217118	15217218	100
11617	18	15218718	15218818	100
11618	18	15218918	15219018	100
11619	18	15221118	15221218	100
11620	18	15222618	15222718	100
11621	18	15225218	15225318	100
11622	18	15225518	15225618	100
11623	18	15233818	15233918	100
11624	18	15234618	15234718	100
11625	18	15235318	15235418	100
11626	18	15235618	15235718	100
11627	18	15235918	15236018	100
11628	18	15236118	15236218	100
11629	18	15238018	15238118	100
11630	18	15239918	15240318	400
11631	18	15245418	15245618	200
11632	18	15246318	15246418	100
11633	18	15246518	15246618	100
11634	18	15246918	15247018	100
11635	18	15247818	15247918	100
11636	18	15248018	15248118	100
11637	18	15248918	15249018	100
11638	18	15251118	15251218	100
11639	18	15251518	15251718	200
11640	18	15251918	15252018	100
11641	18	15252218	15252318	100
11642	18	15253718	15253918	200
11643	18	15255318	15255418	100
11644	18	15257118	15257218	100
11645	18	15257318	15257418	100
11646	18	15258718	15258818	100
11647	18	15260018	15260118	100
11648	18	15260318	15260418	100
11649	18	15261518	15261618	100
11650	18	15262018	15262118	100
11651	18	15262318	15262518	200
11652	18	15263818	15263918	100
11653	18	15265418	15265518	100
11654	18	15265618	15265718	100
11655	18	15266018	15266118	100
11656	18	15266218	15266318	100
11657	18	15266418	15266518	100
11658	18	15266818	15266918	100
11659	18	15267018	15267118	100
11660	18	15267318	15267418	100
11661	18	15267518	15267818	300
11662	18	15268018	15268118	100
11663	18	15270718	15270818	100
11664	18	15272218	15272418	200
11665	18	15273018	15273118	100
11666	18	15277718	15277918	200
11667	18	15278018	15278118	100
11668	18	15278218	15278418	200
11669	18	15279118	15279218	100
11670	18	15280018	15280118	100
11671	18	15282218	15282318	100
11672	18	15282918	15283018	100
11673	18	15285918	15286018	100
11674	18	15287218	15287318	100
11675	18	15287918	15288018	100
11676	18	15290618	15290718	100
11677	18	15293318	15293418	100
11678	18	15293718	15293818	100
11679	18	15294818	15294918	100
11680	18	15295118	15295718	600
11681	18	15300818	15300918	100
11682	18	15303318	15303518	200
11683	18	15304518	15304618	100
11684	18	15304818	15304918	100
11685	18	15305118	15305218	100
11686	18	15305318	15305418	100
11687	18	15306218	15306318	100
11688	18	15307318	15307518	200
11689	18	15309218	15309618	400
11690	18	15310218	15310418	200
11691	18	15310818	15311018	200
11692	18	15311118	15311218	100
11693	18	15312418	15312918	500
11694	18	15313218	15313318	100
11695	18	15313718	15313918	200
11696	18	15314218	15314318	100
11697	18	15316118	15316218	100
11698	18	15316318	15316418	100
11699	18	15317518	15317618	100
11700	18	15317918	15318018	100
11701	18	15320818	15321018	200
11702	18	15322418	15322618	200
11703	18	15323618	15323718	100
11704	18	15324618	15324718	100
11705	18	15325418	15325518	100
11706	18	15326318	15326418	100
11707	18	15326718	15326818	100
11708	18	15328718	15328818	100
11709	18	15329218	15329318	100
11710	18	15330718	15330818	100
11711	18	15331918	15332018	100
11712	18	15332518	15332718	200
11713	18	15333118	15333218	100
11714	18	15333618	15333718	100
11715	18	15334118	15334218	100
11716	18	15334318	15334418	100
11717	18	15335318	15335518	200
11718	18	15335618	15335718	100
11719	18	15335818	15335918	100
11720	18	15337118	15337218	100
11721	18	15338418	15338518	100
11722	18	15338818	15338918	100
11723	18	15339218	15339318	100
11724	18	15342318	15342618	300
11725	18	15342718	15342818	100
11726	18	15343618	15343718	100
11727	18	15343818	15344118	300
11728	18	15344418	15344518	100
11729	18	15344718	15344818	100
11730	18	15344918	15345218	300
11731	18	15345618	15345718	100
11732	18	15345818	15345918	100
11733	18	15347118	15347318	200
11734	18	15347418	15347518	100
11735	18	15347918	15348018	100
11736	18	15349718	15349818	100
11737	18	15351018	15351118	100
11738	18	15351818	15351918	100
11739	18	15352018	15352118	100
11740	18	15352518	15352618	100
11741	18	15352718	15352918	200
11742	18	15353418	15353518	100
11743	18	15353618	15353718	100
11744	18	15354018	15354118	100
11745	18	15354418	15354518	100
11746	18	15355018	15355118	100
11747	18	15355618	15355718	100
11748	18	15355918	15356018	100
11749	18	15356518	15356618	100
11750	18	15357418	15357518	100
11751	18	15357618	15357718	100
11752	18	15358218	15358318	100
11753	18	15358418	15358618	200
11754	18	15359018	15359118	100
11755	18	15359218	15359318	100
11756	18	15359418	15359518	100
11757	18	15359618	15359818	200
11758	18	15359918	15360018	100
11759	18	15360818	15361118	300
11760	18	15364018	15364118	100
11761	18	15366018	15366118	100
11762	18	15366418	15366518	100
11763	18	15373418	15373518	100
11764	18	15374918	15375018	100
11765	18	15376318	15376418	100
11766	18	15376518	15376618	100
11767	18	15385918	15386018	100
11768	18	15391918	15392018	100
11769	18	15392318	15392418	100
11770	18	15393518	15393718	200
11771	18	15394918	15395018	100
11772	18	15398818	15398918	100
11773	18	15399418	15399818	400
11774	18	15399918	15400018	100
11775	18	15400218	15400718	500
11776	18	15401018	15401218	200
11777	18	15401418	15401518	100
11778	18	15401718	15401818	100
11779	18	15401918	15402018	100
11780	18	15402618	15402818	200
11781	18	15403018	15403118	100
11782	18	15403218	15403318	100
11783	18	15403418	15403518	100
11784	18	15403618	15403718	100
11785	18	15403818	15403918	100
11786	18	15405118	15405218	100
11787	18	15406718	15406818	100
11788	18	15406918	15407018	100
11789	18	15407218	15407318	100
11790	18	15407618	15407718	100
11791	18	15408418	15408518	100
11792	18	15413618	15413718	100
11793	18	15413918	15414018	100
11794	18	15414418	15414518	100
11795	18	15414918	15415118	200
11796	18	15415218	15415318	100
11797	18	15416518	15416618	100
11798	18	15419718	15419818	100
11799	18	15424018	15424118	100
11800	18	15424618	15424718	100
11801	18	15428018	15428118	100
11802	18	15428418	15428618	200
11803	18	15428918	15429018	100
11804	18	15431318	15431618	300
11805	18	15433818	15433918	100
11806	18	15435018	15435118	100
11807	18	15435518	15435618	100
11808	18	15438918	15439018	100
11809	18	15439118	15439218	100
11810	18	15440318	15440418	100
11811	18	15440518	15440618	100
11812	18	15442918	15443018	100
11813	18	15443318	15443418	100
11814	18	15443918	15444018	100
11815	18	15444118	15444218	100
11816	18	15445618	15445718	100
11817	18	15449718	15449818	100
11818	18	15450118	15450318	200
11819	18	15450618	15450718	100
11820	18	15455018	15455118	100
11821	18	15458618	15458718	100
11822	18	15459318	15459418	100
11823	18	15459618	15459718	100
11824	18	15461518	15461618	100
11825	18	15463818	15463918	100
11826	18	15464018	15464118	100
11827	18	15464218	15464318	100
11828	18	15464818	15464918	100
11829	18	15465218	15465618	400
11830	18	15465718	15465818	100
11831	18	15465918	15466118	200
11832	18	15466218	15466318	100
11833	18	15466418	15466518	100
11834	18	15469018	15469118	100
11835	18	15469818	15470218	400
11836	18	15473918	15474018	100
11837	18	15476718	15476818	100
11838	18	15478818	15478918	100
11839	18	15479418	15479618	200
11840	18	15482918	15483018	100
11841	18	15493718	15493818	100
11842	18	15494718	15494818	100
11843	18	15495418	15495618	200
11844	18	15499918	15500018	100
11845	18	15501118	15501218	100
11846	18	15501718	15501818	100
11847	18	15501918	15502018	100
11848	18	15505518	15505618	100
11849	18	15506818	15506918	100
11850	18	15507218	15507318	100
11851	18	15507618	15507718	100
11852	18	15508218	15508318	100
11853	18	15508818	15508918	100
11854	18	15521118	15521218	100
11855	18	15522118	15522218	100
11856	18	15522718	15522818	100
11857	18	15530818	15530918	100
11858	18	15531518	15531618	100
11859	18	15531818	15531918	100
11860	18	15532318	15532418	100
11861	18	15532518	15532618	100
11862	18	15533518	15533618	100
11863	18	15534118	15534218	100
11864	18	15536718	15536818	100
11865	18	15536918	15537118	200
11866	18	15537218	15537318	100
11867	18	15538418	15538518	100
11868	18	15538718	15538818	100
11869	18	15538918	15539018	100
11870	18	15539818	15539918	100
11871	18	15541918	15542018	100
11872	18	15543318	15543418	100
11873	18	15544118	15544218	100
11874	18	15544318	15544418	100
11875	18	15546718	15546818	100
11876	18	15547018	15547218	200
11877	18	15547618	15547718	100
11878	18	15549018	15549118	100
11879	18	15550118	15550218	100
11880	18	15551718	15551818	100
11881	18	15551918	15552018	100
11882	18	15552318	15552418	100
11883	18	15552618	15552718	100
11884	18	15554218	15554318	100
11885	18	15557118	15557218	100
11886	18	15557518	15557618	100
11887	18	15558218	15558318	100
11888	18	15563518	15563618	100
11889	18	15563818	15563918	100
11890	18	15567218	15567418	200
11891	18	15569018	15569118	100
11892	18	15571218	15571318	100
11893	18	15571718	15571818	100
11894	18	15571918	15572018	100
11895	18	15572218	15572318	100
11896	18	15573218	15573318	100
11897	18	15574318	15574418	100
11898	18	15574618	15574718	100
11899	18	15574818	15574918	100
11900	18	15575218	15575318	100
11901	18	15576518	15576618	100
11902	18	15582418	15582618	200
11903	18	15583218	15583318	100
11904	18	15584318	15584418	100
11905	18	15585718	15585818	100
11906	18	15586018	15586118	100
11907	18	15586218	15586418	200
11908	18	15587118	15587218	100
11909	18	15587318	15587418	100
11910	18	15587518	15587618	100
11911	18	15589818	15589918	100
11912	18	15590118	15590218	100
11913	18	15606918	15607018	100
11914	18	15608218	15608418	200
11915	18	15609818	15609918	100
11916	18	15610118	15610218	100
11917	18	15611618	15611718	100
11918	18	15614918	15615018	100
11919	18	15616118	15616218	100
11920	18	15617518	15617618	100
11921	18	15621318	15621718	400
11922	18	15622518	15622618	100
11923	18	15622718	15622818	100
11924	18	15623118	15623218	100
11925	18	15626818	15626918	100
11926	18	15627718	15627818	100
11927	18	15628818	15628918	100
11928	18	15629618	15629718	100
11929	18	15632318	15632518	200
11930	18	15635118	15635218	100
11931	18	15636218	15636318	100
11932	18	15637718	15637818	100
11933	18	15640318	15640418	100
11934	18	15648618	15648718	100
11935	18	15650018	15650218	200
11936	18	15652618	15652718	100
11937	18	15653118	15653218	100
11938	18	15655818	15655918	100
11939	18	15657018	15657118	100
11940	18	15658618	15658718	100
11941	18	15661118	15661218	100
11942	18	15661518	15661618	100
11943	18	15662718	15663018	300
11944	18	15664618	15664718	100
11945	18	15664818	15665018	200
11946	18	15665118	15665218	100
11947	18	15665318	15665418	100
11948	18	15671018	15671118	100
11949	18	15673518	15673618	100
11950	18	15675318	15675418	100
11951	18	15676618	15676718	100
11952	18	15679418	15679518	100
11953	18	15681518	15681618	100
11954	18	15683418	15683518	100
11955	18	15686018	15686118	100
11956	18	15686218	15686518	300
11957	18	15686618	15686718	100
11958	18	15691518	15691618	100
11959	18	15693118	15693218	100
11960	18	15702618	15702718	100
11961	18	15703318	15703418	100
11962	18	15705518	15705718	200
11963	18	15712818	15713018	200
11964	18	15716218	15716418	200
11965	18	15716818	15716918	100
11966	18	15720518	15720618	100
11967	18	15720718	15720818	100
11968	18	15723718	15723818	100
11969	18	15728418	15728618	200
11970	18	15729118	15729218	100
11971	18	15729818	15729918	100
11972	18	15730118	15730218	100
11973	18	15738818	15738918	100
11974	18	15741318	15741418	100
11975	18	15744618	15744718	100
11976	18	15745318	15745418	100
11977	18	15746918	15747018	100
11978	18	15749118	15749218	100
11979	18	15751518	15751618	100
11980	18	15751718	15751818	100
11981	18	15752818	15752918	100
11982	18	15753318	15753418	100
11983	18	15753618	15753718	100
11984	18	15759018	15759318	300
11985	18	15759418	15760418	1000
11986	18	15762118	15762218	100
11987	18	15763418	15763518	100
11988	18	15763618	15763718	100
11989	18	15767818	15767918	100
11990	18	15768218	15768318	100
11991	18	15769318	15769518	200
11992	18	15769918	15770018	100
11993	18	15770218	15770418	200
11994	18	15773518	15773618	100
11995	18	15774218	15774318	100
11996	18	15776418	15776518	100
11997	18	15778418	15778518	100
11998	18	15781018	15781118	100
11999	18	15783518	15783618	100
12000	18	15783918	15784018	100
12001	18	15789918	15790118	200
12002	18	15790818	15790918	100
12003	18	15793818	15793918	100
12004	18	15796718	15796818	100
12005	18	15802818	15802918	100
12006	18	15803418	15803518	100
12007	18	15808918	15809018	100
12008	18	15812318	15812418	100
12009	18	15814718	15814918	200
12010	18	15815918	15816018	100
12011	18	15816218	15816318	100
12012	18	15816418	15816518	100
12013	18	15816818	15816918	100
12014	18	15818018	15818118	100
12015	18	15822218	15822318	100
12016	18	15824018	15824118	100
12017	18	15828818	15828918	100
12018	18	15831518	15831618	100
12019	18	15832518	15832618	100
12020	18	15837818	15837918	100
12021	18	15841018	15841118	100
12022	18	15841218	15841318	100
12023	18	15843818	15843918	100
12024	18	15846218	15846318	100
12025	18	15846718	15846818	100
12026	18	15850818	15850918	100
12027	18	15851018	15851118	100
12028	18	15851218	15851318	100
12029	18	15852318	15852418	100
12030	18	15852718	15852818	100
12031	18	15853218	15853318	100
12032	18	15854318	15854418	100
12033	18	15855118	15855218	100
12034	18	15857518	15857618	100
12035	18	15857718	15857818	100
12036	18	15858418	15858518	100
12037	18	15863618	15863718	100
12038	18	15865218	15865318	100
12039	18	15869618	15869718	100
12040	18	15872918	15873018	100
12041	18	15873618	15873718	100
12042	18	15874818	15874918	100
12043	18	15875018	15875118	100
12044	18	15877818	15877918	100
12045	18	15878018	15878118	100
12046	18	15878918	15879018	100
12047	18	15881718	15881818	100
12048	18	15882018	15882118	100
12049	18	15883818	15883918	100
12050	18	15886618	15886718	100
12051	18	15887418	15887518	100
12052	18	15889518	15889618	100
12053	18	15890118	15890218	100
12054	18	15894518	15894618	100
12055	18	15894918	15895018	100
12056	18	15895118	15895218	100
12057	18	15897118	15897218	100
12058	18	15897418	15897518	100
12059	18	15898218	15898318	100
12060	18	15898518	15898618	100
12061	18	15902618	15902718	100
12062	18	15908118	15908218	100
12063	18	15908918	15909018	100
12064	18	15909118	15909218	100
12065	18	15917818	15918018	200
12066	18	15918818	15918918	100
12067	18	15923718	15923818	100
12068	18	15923918	15924018	100
12069	18	15927618	15927718	100
12070	18	15928718	15928818	100
12071	18	15929818	15929918	100
12072	18	15934518	15934618	100
12073	18	15935018	15935218	200
12074	18	15935318	15935418	100
12075	18	15938818	15939018	200
12076	18	15939818	15939918	100
12077	18	15943918	15944018	100
12078	18	15944118	15944218	100
12079	18	15944318	15944518	200
12080	18	15951518	15951618	100
12081	18	15959318	15959718	400
12082	18	15960918	15961018	100
12083	18	15966118	15966218	100
12084	18	15966618	15966718	100
12085	18	15966818	15966918	100
12086	18	15967018	15967118	100
12087	18	15971018	15971118	100
12088	18	15971318	15971418	100
12089	18	15972618	15972718	100
12090	18	15972818	15972918	100
12091	18	15973418	15973618	200
12092	18	15973718	15973918	200
12093	18	15974018	15974118	100
12094	18	15976618	15976718	100
12095	18	15993118	15993318	200
12096	18	15997018	15997118	100
12097	18	16005718	16005818	100
12098	18	16014218	16014318	100
12099	18	16021418	16021518	100
12100	18	16021918	16022018	100
12101	18	16022518	16022618	100
12102	18	16022918	16023018	100
12103	18	16025618	16025718	100
12104	18	16026218	16026318	100
12105	18	16026818	16026918	100
12106	18	16027918	16028018	100
12107	18	16035418	16035518	100
12108	18	16036418	16036518	100
12109	18	16037718	16037818	100
12110	18	16037918	16038618	700
12111	18	16038718	16038818	100
12112	18	16040018	16040118	100
12113	18	16041918	16042018	100
12114	18	16042818	16043118	300
12115	18	16044418	16044518	100
12116	18	16045018	16045118	100
12117	18	16045818	16045918	100
12118	18	16046418	16046518	100
12119	18	16047818	16047918	100
12120	18	16051818	16052118	300
12121	18	16061618	16061718	100
12122	18	16062418	16062518	100
12123	18	16063318	16063418	100
12124	18	16068318	16068418	100
12125	18	16069518	16069618	100
12126	18	16070218	16070318	100
12127	18	16070818	16070918	100
12128	18	16072818	16072918	100
12129	18	16075918	16076018	100
12130	18	16076518	16076618	100
12131	18	16082318	16082418	100
12132	18	16084818	16084918	100
12133	18	16086418	16086618	200
12134	18	16086718	16087018	300
12135	18	16087318	16087418	100
12136	18	16087918	16088318	400
12137	18	16088518	16088718	200
12138	18	16091118	16091218	100
12139	18	16091318	16091518	200
12140	18	16096518	16096618	100
12141	18	16097118	16097218	100
12142	18	16101818	16102118	300
12143	18	16102918	16103018	100
12144	18	16112018	16112118	100
12145	18	16112918	16113018	100
12146	18	16120518	16120618	100
12147	18	16121618	16121918	300
12148	18	16122018	16122118	100
12149	18	16128318	16128418	100
12150	18	16129618	16129718	100
12151	18	16129818	16129918	100
12152	18	16133818	16134018	200
12153	18	16134418	16134518	100
12154	18	16137118	16137218	100
12155	18	16138018	16138118	100
12156	18	16139518	16139618	100
12157	18	16142518	16142618	100
12158	18	16142918	16143118	200
12159	18	16143818	16143918	100
12160	18	16146018	16146118	100
12161	18	16150418	16150518	100
12162	18	16150718	16150818	100
12163	18	16163218	16163318	100
12164	18	16163418	16163518	100
12165	18	16163818	16163918	100
12166	18	16166818	16166918	100
12167	18	16170318	16170418	100
12168	18	16171018	16171118	100
12169	18	16172618	16172718	100
12170	18	16175318	16175418	100
12171	18	16175618	16175718	100
12172	18	16179818	16179918	100
12173	18	16180018	16180118	100
12174	18	16180218	16180418	200
12175	18	16180518	16180718	200
12176	18	16182318	16182418	100
12177	18	16184918	16185018	100
12178	18	16192218	16192318	100
12179	18	16192618	16192718	100
12180	18	16194718	16194918	200
12181	18	16196218	16196318	100
12182	18	16197718	16197818	100
12183	18	16200118	16200218	100
12184	18	16211818	16212018	200
12185	18	16214818	16214918	100
12186	18	16216718	16216818	100
12187	18	16217518	16217718	200
12188	18	16225218	16225318	100
12189	18	16241818	16241918	100
12190	18	16247718	16247818	100
12191	18	16248918	16249018	100
12192	18	16250318	16250418	100
12193	18	16251818	16251918	100
12194	18	16255018	16255118	100
12195	18	16255218	16255318	100
12196	18	16255418	16255518	100
12197	18	16259118	16259218	100
12198	18	16264818	16264918	100
12199	18	16267318	16267418	100
12200	18	16268018	16268118	100
12201	18	16268418	16268518	100
12202	18	16269518	16269618	100
12203	18	16274318	16274418	100
12204	18	16277418	16277518	100
12205	18	16277718	16277818	100
12206	18	16282118	16282218	100
12207	18	16282618	16282718	100
12208	18	16293318	16293418	100
12209	18	16293618	16293718	100
12210	18	16294418	16294518	100
12211	18	16295318	16295418	100
12212	18	16298018	16298118	100
12213	18	16298218	16298318	100
12214	18	16301018	16301118	100
12215	18	16301518	16301718	200
12216	18	16302918	16303018	100
12217	18	16304018	16304118	100
12218	18	16304418	16304518	100
12219	18	16305718	16305818	100
12220	18	16307218	16307318	100
12221	18	16308518	16308618	100
12222	18	16309118	16309218	100
12223	18	16309318	16309418	100
12224	18	16309718	16309818	100
12225	18	16316218	16316318	100
12226	18	16317418	16317518	100
12227	18	16319518	16319618	100
12228	18	16320618	16320718	100
12229	18	16321018	16321118	100
12230	18	16321518	16321618	100
12231	18	16324918	16325018	100
12232	18	16326718	16326818	100
12233	18	16327518	16327718	200
12234	18	16327818	16328018	200
12235	18	16329618	16329718	100
12236	18	16330818	16330918	100
12237	18	16336118	16336218	100
12238	18	16337718	16337818	100
12239	18	16342318	16342418	100
12240	18	16342918	16343018	100
12241	18	16344418	16344518	100
12242	18	16345718	16345818	100
12243	18	16347518	16347618	100
12244	18	16348818	16348918	100
12245	18	16353018	16353118	100
12246	18	16355418	16355518	100
12247	18	16356818	16356918	100
12248	18	16357218	16357318	100
12249	18	16357418	16357518	100
12250	18	16358218	16358318	100
12251	18	16359018	16359118	100
12252	18	16360818	16360918	100
12253	18	16363118	16363218	100
12254	18	16365518	16365618	100
12255	18	16365818	16365918	100
12256	18	16366318	16366418	100
12257	18	16369918	16370018	100
12258	18	16371918	16372018	100
12259	18	16374118	16374218	100
12260	18	16378318	16378418	100
12261	18	16380118	16380218	100
12262	18	16387618	16387718	100
12263	18	16388418	16388518	100
12264	18	16388818	16388918	100
12265	18	16391318	16391418	100
12266	18	16393518	16393618	100
12267	18	16394818	16394918	100
12268	18	16395018	16395118	100
12269	18	16399918	16400018	100
12270	18	16403018	16403118	100
12271	18	16410818	16410918	100
12272	18	16411618	16411718	100
12273	18	16413818	16413918	100
12274	18	16414218	16414318	100
12275	18	16414618	16414718	100
12276	18	16414818	16414918	100
12277	18	16416618	16416718	100
12278	18	16417418	16417518	100
12279	18	16417618	16417718	100
12280	18	16418518	16418618	100
12281	18	16418718	16418818	100
12282	18	16418918	16419018	100
12283	18	16419218	16419318	100
12284	18	16419518	16419618	100
12285	18	16424318	16424418	100
12286	18	16425818	16425918	100
12287	18	16429918	16430018	100
12288	18	16430518	16430618	100
12289	18	16430818	16430918	100
12290	18	16435318	16435418	100
12291	18	16435918	16436018	100
12292	18	16436118	16436318	200
12293	18	16436418	16436518	100
12294	18	16437518	16437718	200
12295	18	16438418	16438718	300
12296	18	16443118	16443218	100
12297	18	16445718	16445918	200
12298	18	16446218	16446418	200
12299	18	16450418	16450518	100
12300	18	16452418	16452518	100
12301	18	16453218	16453318	100
12302	18	16455318	16455418	100
12303	18	16455518	16455618	100
12304	18	16461918	16462018	100
12305	18	16462518	16462618	100
12306	18	16464218	16464718	500
12307	18	16464918	16465018	100
12308	18	16467818	16467918	100
12309	18	16468318	16468418	100
12310	18	16469418	16469518	100
12311	18	16471718	16471818	100
12312	18	16472518	16472618	100
12313	18	16473818	16473918	100
12314	18	16474218	16474318	100
12315	18	16475218	16475318	100
12316	18	16476718	16476818	100
12317	18	16477618	16477718	100
12318	18	16480318	16480418	100
12319	18	16481118	16481218	100
12320	18	16482318	16482418	100
12321	18	16482518	16482618	100
12322	18	16485618	16485718	100
12323	18	16485818	16485918	100
12324	18	16487318	16487418	100
12325	18	16489618	16489718	100
12326	18	16490618	16490718	100
12327	18	16495918	16496018	100
12328	18	16498918	16499018	100
12329	18	16500718	16500818	100
12330	18	16501118	16501218	100
12331	18	16501418	16501518	100
12332	18	16502018	16502118	100
12333	18	16502418	16502518	100
12334	18	16503918	16504118	200
12335	18	16505318	16505418	100
12336	18	16506018	16506118	100
12337	18	16506318	16506418	100
12338	18	16509718	16509818	100
12339	18	16515618	16515718	100
12340	18	16516018	16516118	100
12341	18	16522218	16522418	200
12342	18	16523618	16523718	100
12343	18	16528018	16528118	100
12344	18	16528618	16528718	100
12345	18	16530018	16530118	100
12346	18	16530418	16530518	100
12347	18	16536118	16536218	100
12348	18	16537418	16537518	100
12349	18	16538118	16538218	100
12350	18	16540118	16540218	100
12351	18	16543118	16543318	200
12352	18	16546918	16547018	100
12353	18	16547118	16547318	200
12354	18	16548618	16548718	100
12355	18	16549018	16549118	100
12356	18	16549218	16549318	100
12357	18	16551518	16551718	200
12358	18	16556818	16556918	100
12359	18	16560718	16560818	100
12360	18	16560918	16561018	100
12361	18	16561118	16561318	200
12362	18	16561718	16561818	100
12363	18	16562718	16562818	100
12364	18	16568618	16568718	100
12365	18	16570518	16570618	100
12366	18	16572318	16572418	100
12367	18	16575418	16575518	100
12368	18	16576418	16576518	100
12369	18	16576818	16576918	100
12370	18	16580718	16580818	100
12371	18	16581018	16581118	100
12372	18	16582418	16582518	100
12373	18	16583118	16583218	100
12374	18	16584018	16584218	200
12375	18	16586318	16586418	100
12376	18	16586518	16586618	100
12377	18	16588518	16588818	300
12378	18	16590618	16590718	100
12379	18	16591618	16591718	100
12380	18	16593418	16593518	100
12381	18	16593718	16593818	100
12382	18	16594218	16594318	100
12383	18	16594818	16594918	100
12384	18	16595318	16595418	100
12385	18	16595918	16596018	100
12386	18	16598018	16598218	200
12387	18	16598418	16598518	100
12388	18	16599018	16599118	100
12389	18	16599218	16599318	100
12390	18	16601618	16601818	200
12391	18	16602018	16602118	100
12392	18	16602418	16602618	200
12393	18	16604618	16604718	100
12394	18	16605818	16605918	100
12395	18	16606918	16607018	100
12396	18	16607918	16608018	100
12397	18	16609818	16609918	100
12398	18	16610518	16610618	100
12399	18	16610718	16610818	100
12400	18	16611818	16611918	100
12401	18	16613918	16614018	100
12402	18	16614518	16614718	200
12403	18	16614818	16615018	200
12404	18	16616918	16617018	100
12405	18	16618318	16618418	100
12406	18	16618518	16618818	300
12407	18	16619318	16619418	100
12408	18	16619718	16619818	100
12409	18	16622418	16622518	100
12410	18	16623718	16623818	100
12411	18	16623918	16624018	100
12412	18	16624118	16624218	100
12413	18	16625118	16625218	100
12414	18	16626318	16626518	200
12415	18	16627818	16628118	300
12416	18	16628318	16628418	100
12417	18	16628518	16628618	100
12418	18	16629118	16629218	100
12419	18	16629618	16629718	100
12420	18	16631018	16631118	100
12421	18	16631418	16631518	100
12422	18	16632118	16632518	400
12423	18	16634418	16634518	100
12424	18	16634718	16634818	100
12425	18	16636418	16636518	100
12426	18	16637318	16637418	100
12427	18	16637518	16637618	100
12428	18	16639818	16639918	100
12429	18	16640618	16640718	100
12430	18	16641318	16641418	100
12431	18	16641818	16641918	100
12432	18	16642018	16642218	200
12433	18	16642618	16642718	100
12434	18	16642918	16643018	100
12435	18	16644018	16644218	200
12436	18	16644318	16644418	100
12437	18	16645418	16645518	100
12438	18	16645618	16645718	100
12439	18	16646318	16646618	300
12440	18	16647318	16647418	100
12441	18	16648218	16648318	100
12442	18	16650218	16650318	100
12443	18	16650418	16650518	100
12444	18	16650618	16650718	100
12445	18	16651018	16651218	200
12446	18	16655718	16655818	100
12447	18	16659618	16659718	100
12448	18	16660418	16660618	200
12449	18	16660818	16660918	100
12450	18	16665118	16665318	200
12451	18	16665418	16665518	100
12452	18	16665718	16665918	200
12453	18	16666018	16666118	100
12454	18	16666418	16666518	100
12455	18	16667318	16667418	100
12456	18	16670018	16670318	300
12457	18	16671118	16671218	100
12458	18	16671318	16671418	100
12459	18	16672318	16672418	100
12460	18	16672518	16672818	300
12461	18	16673318	16673418	100
12462	18	16674318	16674418	100
12463	18	16675318	16675518	200
12464	18	16678018	16678518	500
12465	18	16678618	16678718	100
12466	18	16678818	16678918	100
12467	18	16680118	16680218	100
12468	18	16681418	16681518	100
12469	18	16681618	16681718	100
12470	18	16682018	16682118	100
12471	18	16682318	16682418	100
12472	18	16682618	16682818	200
12473	18	16683318	16683518	200
12474	18	16684718	16684818	100
12475	18	16686818	16686918	100
12476	18	16687118	16687218	100
12477	18	16689518	16689618	100
12478	18	16689718	16689818	100
12479	18	16690818	16691018	200
12480	18	16691618	16691718	100
12481	18	16692718	16692818	100
12482	18	16696318	16696418	100
12483	18	16698218	16698318	100
12484	18	16698818	16698918	100
12485	18	16699018	16699118	100
12486	18	16699418	16699518	100
12487	18	16699818	16699918	100
12488	18	16701418	16701518	100
12489	18	16701718	16701818	100
12490	18	16702518	16702618	100
12491	18	16703618	16703718	100
12492	18	16704818	16705018	200
12493	18	16709118	16709218	100
12494	18	16709318	16709418	100
12495	18	16709618	16709918	300
12496	18	16710718	16710818	100
12497	18	16711118	16711318	200
12498	18	16713418	16713518	100
12499	18	16713618	16713918	300
12500	18	16714218	16714318	100
12501	18	16715418	16715718	300
12502	18	16716018	16716118	100
12503	18	16716518	16716718	200
12504	18	16716818	16716918	100
12505	18	16726618	16726718	100
12506	18	16727618	16727718	100
12507	18	16730518	16730618	100
12508	18	16731318	16731418	100
12509	18	16732618	16732718	100
12510	18	16734918	16735018	100
12511	18	16736118	16736218	100
12512	18	16737818	16737918	100
12513	18	16739218	16739318	100
12514	18	16739518	16739818	300
12515	18	16739918	16740218	300
12516	18	16740618	16740718	100
12517	18	16747218	16747418	200
12518	18	16748218	16748318	100
12519	18	16748518	16748618	100
12520	18	16749018	16749118	100
12521	18	16750618	16750718	100
12522	18	16751418	16751518	100
12523	18	16753218	16753318	100
12524	18	16753618	16753818	200
12525	18	16754018	16754118	100
12526	18	16754218	16754318	100
12527	18	16756318	16756518	200
12528	18	16758918	16759118	200
12529	18	16759518	16759618	100
12530	18	16760118	16760218	100
12531	18	16760418	16760518	100
12532	18	16760718	16760818	100
12533	18	16762218	16762318	100
12534	18	16762518	16762718	200
12535	18	16763218	16763418	200
12536	18	16765018	16765118	100
12537	18	16766818	16767018	200
12538	18	16767818	16768018	200
12539	18	16769618	16769718	100
12540	18	16769918	16770018	100
12541	18	16771218	16771318	100
12542	18	16773318	16773418	100
12543	18	16773518	16773618	100
12544	18	16773718	16773818	100
12545	18	16774318	16774518	200
12546	18	16774618	16774718	100
12547	18	16774818	16774918	100
12548	18	16776018	16776118	100
12549	18	16779418	16779618	200
12550	18	16779718	16779818	100
12551	18	16780718	16780818	100
12552	18	16781118	16781218	100
12553	18	16781918	16782018	100
12554	18	16782118	16782218	100
12555	18	16783318	16783418	100
12556	18	16784118	16784218	100
12557	18	16784818	16784918	100
12558	18	16786218	16786318	100
12559	18	16787818	16787918	100
12560	18	16788118	16788218	100
12561	18	16788718	16789118	400
12562	18	16789518	16789618	100
12563	18	16790018	16790318	300
12564	18	16790618	16790718	100
12565	18	16790818	16790918	100
12566	18	16793218	16793318	100
12567	18	16794018	16794118	100
12568	18	16795318	16795418	100
12569	18	16795518	16795618	100
12570	18	16798018	16798118	100
12571	18	16800318	16800418	100
12572	18	16801218	16801518	300
12573	18	16802218	16802318	100
12574	18	16802418	16802618	200
12575	18	16802918	16803018	100
12576	18	16805718	16805818	100
12577	18	16806518	16806618	100
12578	18	16806818	16807018	200
12579	18	16807118	16807318	200
12580	18	16807418	16807918	500
12581	18	16808018	16808318	300
12582	18	16808418	16808618	200
12583	18	16808718	16809018	300
12584	18	16809518	16809618	100
12585	18	16809718	16809918	200
12586	18	16812318	16812518	200
12587	18	16813218	16813318	100
12588	18	16813518	16813618	100
12589	18	16815218	16815318	100
12590	18	16816018	16816218	200
12591	18	16816318	16816418	100
12592	18	16817118	16817218	100
12593	18	16817318	16817418	100
12594	18	16818518	16818818	300
12595	18	16819718	16819818	100
12596	18	16820518	16820718	200
12597	18	16821118	16821218	100
12598	18	16822118	16822318	200
12599	18	16824118	16824218	100
12600	18	16824518	16824618	100
12601	18	16825018	16825118	100
12602	18	16825218	16825318	100
12603	18	16825418	16825518	100
12604	18	16827418	16827518	100
12605	18	16828418	16828518	100
12606	18	16830718	16830818	100
12607	18	16831118	16831218	100
12608	18	16831618	16831718	100
12609	18	16832218	16832318	100
12610	18	16834018	16834118	100
12611	18	16834418	16834618	200
12612	18	16836118	16836318	200
12613	18	16836418	16836718	300
12614	18	16838718	16838818	100
12615	18	16839518	16839818	300
12616	18	16840218	16840418	200
12617	18	16842318	16842418	100
12618	18	16843718	16843818	100
12619	18	16860818	16860918	100
12620	18	16861318	16861418	100
12621	18	16861918	16862018	100
12622	18	16863118	16863218	100
12623	18	16864018	16864118	100
12624	18	16867518	16867618	100
12625	18	16874518	16874618	100
12626	18	16883418	16883518	100
12627	18	16884218	16884418	200
12628	18	16886418	16886518	100
12629	18	16887918	16888018	100
12630	18	16892918	16893018	100
12631	18	16896318	16896418	100
12632	18	16899718	16899818	100
12633	18	16901718	16901818	100
12634	18	16916118	16916218	100
12635	18	16920018	16920118	100
12636	18	16920218	16920318	100
12637	18	16923418	16923718	300
12638	18	16924518	16924618	100
12639	18	16927718	16927818	100
12640	18	16930118	16930218	100
12641	18	16936518	16936618	100
12642	18	16937318	16937418	100
12643	18	16937818	16937918	100
12644	18	16942718	16942818	100
12645	18	16943718	16943818	100
12646	18	16951318	16951418	100
12647	18	16960418	16960518	100
12648	18	16978518	16978618	100
12649	18	16979618	16979718	100
12650	18	16981718	16981818	100
12651	18	16998218	16998318	100
12652	18	16999018	16999118	100
12653	18	16999618	16999818	200
12654	18	17000518	17000618	100
12655	18	17001418	17001518	100
12656	18	17002818	17002918	100
12657	18	17018318	17018418	100
12658	18	17018518	17018618	100
12659	18	17019918	17020018	100
12660	18	17021618	17021718	100
12661	18	17022518	17022718	200
12662	18	17023418	17023518	100
12663	18	17023618	17023718	100
12664	18	17024918	17025018	100
12665	18	17026318	17026418	100
12666	18	17028318	17028418	100
12667	18	17028718	17028818	100
12668	18	17029518	17029618	100
12669	18	17032518	17032618	100
12670	18	17032918	17033018	100
12671	18	17035718	17035818	100
12672	18	17036018	17036118	100
12673	18	17036218	17036318	100
12674	18	17036418	17036518	100
12675	18	17044618	17044718	100
12676	18	17049318	17049418	100
12677	18	17049718	17049818	100
12678	18	17050118	17050218	100
12679	18	17053018	17053118	100
12680	18	17053818	17053918	100
12681	18	17054118	17054218	100
12682	18	17054718	17054818	100
12683	18	17055218	17055318	100
12684	18	17055418	17055718	300
12685	18	17057718	17057818	100
12686	18	17057918	17058018	100
12687	18	17062618	17062718	100
12688	18	17066518	17066618	100
12689	18	17066818	17066918	100
12690	18	17070018	17070118	100
12691	18	17070818	17071018	200
12692	18	17071218	17071318	100
12693	18	17072118	17072218	100
12694	18	17073918	17074018	100
12695	18	17074318	17074418	100
12696	18	17074518	17074618	100
12697	18	17075718	17075818	100
12698	18	17077518	17077618	100
12699	18	17079218	17079418	200
12700	18	17085018	17085118	100
12701	18	17085218	17085318	100
12702	18	17086118	17086218	100
12703	18	17096118	17096218	100
12704	18	17096918	17097018	100
12705	18	17099018	17099118	100
12706	18	17101418	17101518	100
12707	18	17104518	17104618	100
12708	18	17105318	17105618	300
12709	18	17106418	17106518	100
12710	18	17106618	17106718	100
12711	18	17107318	17107418	100
12712	18	17110318	17110418	100
12713	18	17115818	17115918	100
12714	18	17122718	17122818	100
12715	18	17125918	17126018	100
12716	18	17126218	17126318	100
12717	18	17129318	17129418	100
12718	18	17132618	17132718	100
12719	18	17133018	17133118	100
12720	18	17134018	17134118	100
12721	18	17140618	17140718	100
12722	18	17147818	17147918	100
12723	18	17154518	17154618	100
12724	18	17155018	17155118	100
12725	18	17155418	17155518	100
12726	18	17157618	17157718	100
12727	18	17163118	17163218	100
12728	18	17163318	17163518	200
12729	18	17164118	17164218	100
12730	18	17165618	17165718	100
12731	18	17169818	17170018	200
12732	18	17171118	17171218	100
12733	18	17173118	17173218	100
12734	18	17175718	17175818	100
12735	18	17179218	17179318	100
12736	18	17180918	17181118	200
12737	18	17182918	17183018	100
12738	18	17185518	17185618	100
12739	18	17188018	17188118	100
12740	18	17188418	17188518	100
12741	18	17192818	17192918	100
12742	18	17193318	17193418	100
12743	18	17196418	17196518	100
12744	18	17198918	17199018	100
12745	18	17204718	17204818	100
12746	18	17210018	17210218	200
12747	18	17215418	17215518	100
12748	18	17218218	17218318	100
12749	18	17224818	17224918	100
12750	18	17226118	17226218	100
12751	18	17228818	17228918	100
12752	18	17231518	17231718	200
12753	18	17232018	17232118	100
12754	18	17233218	17233318	100
12755	18	17233618	17233718	100
12756	18	17234618	17234718	100
12757	18	17235518	17235718	200
12758	18	17238818	17238918	100
12759	18	17239318	17239418	100
12760	18	17240518	17240618	100
12761	18	17241218	17241318	100
12762	18	17241418	17241518	100
12763	18	17243418	17243518	100
12764	18	17243718	17243818	100
12765	18	17245018	17245318	300
12766	18	17247918	17248018	100
12767	18	17248618	17248718	100
12768	18	17249018	17249118	100
12769	18	17250618	17250718	100
12770	18	17253118	17253218	100
12771	18	17253518	17253718	200
12772	18	17257518	17257618	100
12773	18	17261718	17261818	100
12774	18	17262818	17262918	100
12775	18	17263618	17263718	100
12776	18	17264418	17264518	100
12777	18	17276518	17276718	200
12778	18	17276818	17277118	300
12779	18	17277218	17277318	100
12780	18	17277718	17277818	100
12781	18	17278118	17278218	100
12782	18	17282218	17282318	100
12783	18	17282418	17282618	200
12784	18	17286118	17286218	100
12785	18	17288618	17288718	100
12786	18	17288918	17289018	100
12787	18	17290018	17290118	100
12788	18	17291018	17291118	100
12789	18	17292818	17293018	200
12790	18	17300218	17300318	100
12791	18	17304118	17304218	100
12792	18	17305018	17305118	100
12793	18	17305718	17305818	100
12794	18	17306818	17306918	100
12795	18	17307018	17307118	100
12796	18	17308218	17308418	200
12797	18	17309518	17309618	100
12798	18	17309718	17309818	100
12799	18	17311918	17312018	100
12800	18	17313518	17313618	100
12801	18	17313718	17313818	100
12802	18	17313918	17314018	100
12803	18	17316618	17316718	100
12804	18	17318618	17318818	200
12805	18	17319318	17319418	100
12806	18	17320518	17320618	100
12807	18	17321718	17321818	100
12808	18	17322018	17322118	100
12809	18	17323418	17323518	100
12810	18	17324718	17324818	100
12811	18	17326018	17326118	100
12812	18	17326718	17326818	100
12813	18	17327018	17327118	100
12814	18	17330718	17330818	100
12815	18	17332318	17332418	100
12816	18	17333018	17333118	100
12817	18	17340418	17340518	100
12818	18	17343518	17343618	100
12819	18	17353318	17353418	100
12820	18	17354318	17354418	100
12821	18	17355318	17355418	100
12822	18	17360018	17360118	100
12823	18	17360218	17360318	100
12824	18	17363718	17363818	100
12825	18	17366718	17366918	200
12826	18	17379618	17379718	100
12827	18	17383318	17383618	300
12828	18	17383718	17383818	100
12829	18	17384218	17384318	100
12830	18	17384418	17384518	100
12831	18	17388818	17388918	100
12832	18	17390018	17390118	100
12833	18	17390518	17390618	100
12834	18	17402518	17402618	100
12835	18	17402718	17402818	100
12836	18	17403318	17403418	100
12837	18	17403618	17403718	100
12838	18	17404318	17404418	100
12839	18	17405618	17405718	100
12840	18	17406618	17406718	100
12841	18	17408018	17408118	100
12842	18	17408318	17408418	100
12843	18	17408518	17408618	100
12844	18	17409618	17409718	100
12845	18	17411218	17411318	100
12846	18	17412618	17412718	100
12847	18	17414318	17414418	100
12848	18	17416018	17416118	100
12849	18	17416918	17417018	100
12850	18	17418818	17419118	300
12851	18	17419318	17419418	100
12852	18	17442118	17442218	100
12853	18	17444518	17444718	200
12854	18	17450618	17450718	100
12855	18	17454118	17454218	100
12856	18	17462118	17462218	100
12857	18	17485218	17485318	100
12858	18	17485418	17485518	100
12859	18	17488918	17489018	100
12860	18	17499718	17499818	100
12861	18	17500718	17500818	100
12862	18	17501118	17501318	200
12863	18	17501618	17501718	100
12864	18	17508018	17508118	100
12865	18	17511918	17512118	200
12866	18	17518918	17519018	100
12867	18	17520518	17520618	100
12868	18	17522618	17522718	100
12869	18	17522918	17523018	100
12870	18	17524618	17524718	100
12871	18	17525118	17525218	100
12872	18	17525518	17525618	100
12873	18	17529718	17529918	200
12874	18	17531918	17532018	100
12875	18	17532218	17532418	200
12876	18	17532718	17532818	100
12877	18	17533318	17533418	100
12878	18	17533518	17533618	100
12879	18	17537018	17537118	100
12880	18	17547418	17547618	200
12881	18	17548418	17548518	100
12882	18	17548918	17549018	100
12883	18	17552818	17552918	100
12884	18	17560518	17560618	100
12885	18	17565118	17565218	100
12886	18	17565318	17565618	300
12887	18	17565718	17565818	100
12888	18	17565918	17566018	100
12889	18	17567718	17567818	100
12890	18	17575318	17575418	100
12891	18	17579318	17579618	300
12892	18	17579718	17579918	200
12893	18	17580018	17580118	100
12894	18	17585218	17585518	300
12895	18	17587118	17587218	100
12896	18	17592918	17593018	100
12897	18	17599118	17599218	100
12898	18	17599318	17599618	300
12899	18	17599718	17599818	100
12900	18	17601918	17602018	100
12901	18	17604218	17604318	100
12902	18	17604518	17604618	100
12903	18	17608418	17608518	100
12904	18	17612418	17612518	100
12905	18	17628618	17628718	100
12906	18	17629218	17629418	200
12907	18	17634818	17634918	100
12908	18	17639518	17639618	100
12909	18	17641018	17641118	100
12910	18	17649118	17649218	100
12911	18	17649518	17649618	100
12912	18	17674318	17674518	200
12913	18	17678218	17678318	100
12914	18	17685118	17685218	100
12915	18	17685818	17685918	100
12916	18	17687218	17687318	100
12917	18	17689618	17689718	100
12918	18	17692118	17692218	100
12919	18	17692918	17693018	100
12920	18	17695018	17695118	100
12921	18	17695818	17695918	100
12922	18	17698418	17698518	100
12923	18	17698818	17698918	100
12924	18	17714218	17714318	100
12925	18	17714718	17714918	200
12926	18	17719418	17719518	100
12927	18	17720318	17720418	100
12928	18	17725818	17725918	100
12929	18	17726718	17726818	100
12930	18	17731318	17731418	100
12931	18	17732018	17732218	200
12932	18	17732318	17732518	200
12933	18	17732718	17732818	100
12934	18	17733818	17733918	100
12935	18	17734418	17734518	100
12936	18	17740118	17740218	100
12937	18	17746918	17747218	300
12938	18	17751718	17751818	100
12939	18	17756518	17756618	100
12940	18	17761418	17761518	100
12941	18	17764718	17764818	100
12942	18	17765318	17765418	100
12943	18	17765718	17765818	100
12944	18	17765918	17766018	100
12945	18	17766618	17766718	100
12946	18	17772318	17772418	100
12947	18	17772618	17772718	100
12948	18	17776418	17776518	100
12949	18	17778218	17778318	100
12950	18	17782018	17782218	200
12951	18	17789118	17789218	100
12952	18	17789418	17789518	100
12953	18	17793818	17793918	100
12954	18	17801118	17801218	100
12955	18	17801418	17801518	100
12956	18	17806118	17806218	100
12957	18	17807618	17807718	100
12958	18	17813418	17813518	100
12959	18	17815518	17815718	200
12960	18	17819918	17820018	100
12961	18	17827718	17827918	200
12962	18	17828218	17828418	200
12963	18	17829518	17829718	200
12964	18	17831018	17831118	100
12965	18	17835418	17835518	100
12966	18	17839818	17839918	100
12967	18	17840218	17840318	100
12968	18	17845718	17845918	200
12969	18	17846718	17846818	100
12970	18	17848218	17848318	100
12971	18	17851818	17851918	100
12972	18	17855018	17855118	100
12973	18	17855718	17855818	100
12974	18	17862318	17862518	200
12975	18	17868818	17868918	100
12976	18	17874518	17874918	400
12977	18	17876618	17876718	100
12978	18	17880018	17880118	100
12979	18	17880918	17881018	100
12980	18	17885518	17885618	100
12981	18	17893418	17893518	100
12982	18	17893718	17893818	100
12983	18	17901218	17901318	100
12984	18	17908418	17908518	100
12985	18	17909718	17909818	100
12986	18	17910218	17910318	100
12987	18	17911918	17912018	100
12988	18	17914518	17914618	100
12989	18	17918418	17918618	200
12990	18	17918718	17918818	100
12991	18	17921618	17921718	100
12992	18	17923218	17923318	100
12993	18	17925618	17925718	100
12994	18	17925818	17926018	200
12995	18	17928318	17928418	100
12996	18	17928618	17928718	100
12997	18	17930518	17930618	100
12998	18	17932618	17932718	100
12999	18	17932818	17932918	100
13000	18	17933018	17933118	100
13001	18	17934418	17934518	100
13002	18	17953218	17953318	100
13003	18	17956618	17956718	100
13004	18	17966118	17966318	200
13005	18	17970218	17970318	100
13006	18	17972118	17972218	100
13007	18	17973318	17973518	200
13008	18	17973718	17973918	200
13009	18	17979818	17979918	100
13010	18	17983218	17983318	100
13011	18	17986518	17986718	200
13012	18	17988918	17989118	200
13013	18	17991918	17992018	100
13014	18	17997418	17997518	100
13015	18	17999618	17999718	100
13016	18	18002418	18002518	100
13017	18	18004818	18004918	100
13018	18	18014118	18014218	100
13019	18	18014318	18014618	300
13020	18	18014918	18015018	100
13021	18	18017518	18017618	100
13022	18	18017818	18017918	100
13023	18	18022818	18023018	200
13024	18	18023118	18023318	200
13025	18	18028118	18028318	200
13026	18	18030618	18030718	100
13027	18	18031018	18031118	100
13028	18	18031718	18031818	100
13029	18	18032518	18032618	100
13030	18	18034818	18034918	100
13031	18	18036418	18036518	100
13032	18	18038418	18038518	100
13033	18	18040918	18041118	200
13034	18	18041218	18041318	100
13035	18	18041918	18042018	100
13036	18	18042218	18042318	100
13037	18	18042518	18042618	100
13038	18	18046918	18047118	200
13039	18	18050818	18050918	100
13040	18	18058718	18059018	300
13041	18	18060618	18060718	100
13042	18	18064418	18064518	100
13043	18	18064818	18064918	100
13044	18	18074918	18075118	200
13045	18	18078418	18078518	100
13046	18	18083018	18083118	100
13047	18	18083418	18083518	100
13048	18	18083618	18083818	200
13049	18	18090318	18090418	100
13050	18	18097918	18098018	100
13051	18	18098218	18098318	100
13052	18	18099418	18099518	100
13053	18	18100418	18100518	100
13054	18	18100718	18100818	100
13055	18	18101918	18102018	100
13056	18	18103018	18103118	100
13057	18	18104318	18104418	100
13058	18	18105218	18105318	100
13059	18	18105918	18106018	100
13060	18	18106618	18106818	200
13061	18	18106918	18107018	100
13062	18	18108518	18108618	100
13063	18	18112918	18113118	200
13064	18	18113218	18113318	100
13065	18	18114218	18114318	100
13066	18	18116418	18116518	100
13067	18	18116918	18117018	100
13068	18	18117118	18117218	100
13069	18	18119118	18119218	100
13070	18	18121318	18121418	100
13071	18	18122418	18122518	100
13072	18	18130718	18130818	100
13073	18	18133818	18133918	100
13074	18	18135018	18135118	100
13075	18	18138318	18138418	100
13076	18	18138718	18138818	100
13077	18	18142918	18143018	100
13078	18	18146718	18146918	200
13079	18	18150018	18150118	100
13080	18	18150518	18150618	100
13081	18	18154618	18154718	100
13082	18	18160218	18160318	100
13083	18	18160418	18160518	100
13084	18	18163918	18164018	100
13085	18	18167018	18167218	200
13086	18	18168418	18168518	100
13087	18	18170618	18170718	100
13088	18	18171718	18171818	100
13089	18	18172318	18172418	100
13090	18	18172918	18173018	100
13091	18	18184418	18184518	100
13092	18	18186918	18187018	100
13093	18	18188618	18188718	100
13094	18	18189918	18190018	100
13095	18	18200518	18200618	100
13096	18	18212118	18212318	200
13097	18	18214018	18214118	100
13098	18	18217418	18217518	100
13099	18	18218518	18218618	100
13100	18	18227318	18227418	100
13101	18	18228618	18228718	100
13102	18	18229518	18229618	100
13103	18	18229818	18229918	100
13104	18	18231118	18231218	100
13105	18	18231918	18232018	100
13106	18	18232118	18232218	100
13107	18	18237518	18237618	100
13108	18	18239618	18239718	100
13109	18	18243918	18244018	100
13110	18	18244118	18244218	100
13111	18	18244318	18244418	100
13112	18	18244718	18244818	100
13113	18	18247918	18248018	100
13114	18	18249518	18249618	100
13115	18	18250918	18251018	100
13116	18	18251518	18251618	100
13117	18	18261218	18261318	100
